#  E (eV)	   dosup(E) 	     dosdw(E)	   Int dos(E)	 EFermi =   15.3007 eV
5.3000E+00	7.7183E-03	6.4700E-03	1.4188E-02	
5.3200E+00	7.9801E-03	6.6400E-03	1.4620E-02	
5.3400E+00	8.3163E-03	6.8300E-03	1.5146E-02	
5.3600E+00	8.7260E-03	7.0600E-03	1.5786E-02	
5.3800E+00	9.1881E-03	7.3700E-03	1.6558E-02	
5.4000E+00	9.6957E-03	7.7900E-03	1.7486E-02	
5.4200E+00	1.0333E-02	8.2800E-03	1.8613E-02	
5.4400E+00	1.1076E-02	8.8300E-03	1.9906E-02	
5.4600E+00	1.1686E-02	9.4500E-03	2.1136E-02	
5.4800E+00	1.2214E-02	9.9100E-03	2.2124E-02	
5.5000E+00	1.2684E-02	1.0300E-02	2.2984E-02	
5.5200E+00	1.3104E-02	1.0700E-02	2.3804E-02	
5.5400E+00	1.3500E-02	1.1100E-02	2.4600E-02	
5.5600E+00	1.4068E-02	1.1600E-02	2.5668E-02	
5.5800E+00	1.4799E-02	1.2300E-02	2.7099E-02	
5.6000E+00	1.5687E-02	1.3100E-02	2.8787E-02	
5.6200E+00	1.6744E-02	1.4100E-02	3.0844E-02	
5.6400E+00	1.7989E-02	1.5200E-02	3.3189E-02	
5.6600E+00	1.9420E-02	1.6000E-02	3.5420E-02	
5.6800E+00	2.0500E-02	1.6700E-02	3.7200E-02	
5.7000E+00	2.1498E-02	1.7500E-02	3.8998E-02	
5.7200E+00	2.2450E-02	1.8200E-02	4.0650E-02	
5.7400E+00	2.3349E-02	1.8900E-02	4.2249E-02	
5.7600E+00	2.4226E-02	1.9700E-02	4.3926E-02	
5.7800E+00	2.5334E-02	2.0500E-02	4.5834E-02	
5.8000E+00	2.6306E-02	2.1200E-02	4.7506E-02	
5.8200E+00	2.7114E-02	2.1600E-02	4.8714E-02	
5.8400E+00	2.7690E-02	2.0800E-02	4.8490E-02	
5.8600E+00	2.6444E-02	2.1000E-02	4.7444E-02	
5.8800E+00	2.6739E-02	2.1100E-02	4.7839E-02	
5.9000E+00	2.6893E-02	2.1100E-02	4.7993E-02	
5.9200E+00	2.6881E-02	2.0300E-02	4.7181E-02	
5.9400E+00	2.5821E-02	1.8100E-02	4.3921E-02	
5.9600E+00	2.3363E-02	1.6800E-02	4.0163E-02	
5.9800E+00	2.1935E-02	1.6400E-02	3.8335E-02	
6.0000E+00	2.1514E-02	1.6400E-02	3.7914E-02	
6.0200E+00	2.1494E-02	1.6400E-02	3.7894E-02	
6.0400E+00	2.1494E-02	1.6400E-02	3.7894E-02	
6.0600E+00	2.1516E-02	1.6500E-02	3.8016E-02	
6.0800E+00	2.1618E-02	1.6600E-02	3.8218E-02	
6.1000E+00	2.1823E-02	1.6800E-02	3.8623E-02	
6.1200E+00	2.2148E-02	1.7200E-02	3.9348E-02	
6.1400E+00	2.2598E-02	1.7600E-02	4.0198E-02	
6.1600E+00	2.3141E-02	2.0800E-02	4.3941E-02	
6.1800E+00	2.7777E-02	2.3100E-02	5.0877E-02	
6.2000E+00	3.0180E-02	2.3600E-02	5.3780E-02	
6.2200E+00	3.0945E-02	2.2000E-02	5.2945E-02	
6.2400E+00	2.7472E-02	2.1000E-02	4.8472E-02	
6.2600E+00	2.6984E-02	2.2800E-02	4.9784E-02	
6.2800E+00	2.9538E-02	2.5100E-02	5.4638E-02	
6.3000E+00	3.2985E-02	2.7900E-02	6.0885E-02	
6.3200E+00	3.7109E-02	3.0600E-02	6.7709E-02	
6.3400E+00	4.0674E-02	3.3000E-02	7.3674E-02	
6.3600E+00	4.2511E-02	3.7400E-02	7.9911E-02	
6.3800E+00	4.8939E-02	3.9700E-02	8.8639E-02	
6.4000E+00	5.1587E-02	4.0600E-02	9.2187E-02	
6.4200E+00	5.3040E-02	4.1700E-02	9.4740E-02	
6.4400E+00	5.4652E-02	4.2900E-02	9.7552E-02	
6.4600E+00	5.6455E-02	4.4400E-02	1.0086E-01	
6.4800E+00	5.8389E-02	4.5900E-02	1.0429E-01	
6.5000E+00	6.0354E-02	4.7400E-02	1.0775E-01	
6.5200E+00	6.2331E-02	4.9300E-02	1.1163E-01	
6.5400E+00	6.4824E-02	5.1900E-02	1.1672E-01	
6.5600E+00	6.8235E-02	5.4600E-02	1.2284E-01	
6.5800E+00	7.2465E-02	5.4300E-02	1.2677E-01	
6.6000E+00	7.3271E-02	4.9400E-02	1.2267E-01	
6.6200E+00	6.7061E-02	4.4100E-02	1.1116E-01	
6.6400E+00	5.9702E-02	4.3400E-02	1.0310E-01	
6.6600E+00	5.9050E-02	4.2700E-02	1.0175E-01	
6.6800E+00	5.8300E-02	4.2100E-02	1.0040E-01	
6.7000E+00	5.9771E-02	4.3600E-02	1.0337E-01	
6.7200E+00	6.5327E-02	5.4600E-02	1.1993E-01	
6.7400E+00	7.9794E-02	6.0600E-02	1.4039E-01	
6.7600E+00	8.4829E-02	6.3700E-02	1.4853E-01	
6.7800E+00	8.9126E-02	6.4400E-02	1.5353E-01	
6.8000E+00	9.2218E-02	6.4400E-02	1.5662E-01	
6.8200E+00	9.3978E-02	6.6100E-02	1.6008E-01	
6.8400E+00	9.6706E-02	6.8200E-02	1.6491E-01	
6.8600E+00	9.9036E-02	7.0000E-02	1.6904E-01	
6.8800E+00	1.0131E-01	7.1300E-02	1.7261E-01	
6.9000E+00	1.0550E-01	7.4600E-02	1.8010E-01	
6.9200E+00	1.1349E-01	7.9700E-02	1.9319E-01	
6.9400E+00	1.2362E-01	8.5700E-02	2.0932E-01	
6.9600E+00	1.3337E-01	9.1100E-02	2.2447E-01	
6.9800E+00	1.3793E-01	9.5400E-02	2.3333E-01	
7.0000E+00	1.3793E-01	9.5900E-02	2.3383E-01	
7.0200E+00	1.3080E-01	9.3800E-02	2.2460E-01	
7.0400E+00	1.3516E-01	9.5500E-02	2.3066E-01	
7.0600E+00	1.3989E-01	9.7900E-02	2.3779E-01	
7.0800E+00	1.4624E-01	1.0200E-01	2.4824E-01	
7.1000E+00	1.5330E-01	1.0600E-01	2.5930E-01	
7.1200E+00	1.6200E-01	1.1100E-01	2.7300E-01	
7.1400E+00	1.7018E-01	1.1600E-01	2.8618E-01	
7.1600E+00	1.7651E-01	1.1800E-01	2.9451E-01	
7.1800E+00	1.7545E-01	1.1800E-01	2.9345E-01	
7.2000E+00	1.6575E-01	1.1800E-01	2.8375E-01	
7.2200E+00	1.8383E-01	1.2200E-01	3.0583E-01	
7.2400E+00	2.0221E-01	1.2800E-01	3.3021E-01	
7.2600E+00	2.1884E-01	1.3300E-01	3.5184E-01	
7.2800E+00	2.5313E-01	1.3800E-01	3.9113E-01	
7.3000E+00	2.7381E-01	1.4700E-01	4.2081E-01	
7.3200E+00	2.7511E-01	1.5900E-01	4.3411E-01	
7.3400E+00	2.6124E-01	1.6000E-01	4.2124E-01	
7.3600E+00	2.5157E-01	1.5600E-01	4.0757E-01	
7.3800E+00	2.2954E-01	1.5400E-01	3.8354E-01	
7.4000E+00	1.9878E-01	1.5500E-01	3.5378E-01	
7.4200E+00	1.8777E-01	1.3800E-01	3.2577E-01	
7.4400E+00	1.8486E-01	1.2000E-01	3.0486E-01	
7.4600E+00	1.8698E-01	1.1200E-01	2.9898E-01	
7.4800E+00	1.8914E-01	1.1100E-01	3.0014E-01	
7.5000E+00	1.8984E-01	1.1100E-01	3.0084E-01	
7.5200E+00	1.8828E-01	1.1200E-01	3.0028E-01	
7.5400E+00	1.8645E-01	1.1300E-01	2.9945E-01	
7.5600E+00	1.8725E-01	1.1300E-01	3.0025E-01	
7.5800E+00	1.9100E-01	1.1200E-01	3.0300E-01	
7.6000E+00	1.9703E-01	1.1100E-01	3.0803E-01	
7.6200E+00	2.0450E-01	1.1000E-01	3.1450E-01	
7.6400E+00	2.1198E-01	1.1000E-01	3.2198E-01	
7.6600E+00	2.0851E-01	1.1200E-01	3.2051E-01	
7.6800E+00	2.0728E-01	1.1300E-01	3.2028E-01	
7.7000E+00	2.1381E-01	1.1600E-01	3.2981E-01	
7.7200E+00	2.1794E-01	1.1900E-01	3.3694E-01	
7.7400E+00	2.1820E-01	1.2300E-01	3.4120E-01	
7.7600E+00	2.1523E-01	1.2400E-01	3.3923E-01	
7.7800E+00	2.1137E-01	1.2300E-01	3.3437E-01	
7.8000E+00	2.1033E-01	1.2400E-01	3.3433E-01	
7.8200E+00	2.1331E-01	1.2600E-01	3.3931E-01	
7.8400E+00	2.4178E-01	1.2900E-01	3.7078E-01	
7.8600E+00	1.7460E-01	1.3200E-01	3.0660E-01	
7.8800E+00	1.2406E-01	1.3500E-01	2.5906E-01	
7.9000E+00	1.2868E-01	1.3900E-01	2.6768E-01	
7.9200E+00	1.3600E-01	1.4500E-01	2.8100E-01	
7.9400E+00	1.4353E-01	1.4600E-01	2.8953E-01	
7.9600E+00	1.5101E-01	1.4700E-01	2.9801E-01	
7.9800E+00	1.5806E-01	1.4900E-01	3.0706E-01	
8.0000E+00	1.6246E-01	1.5100E-01	3.1346E-01	
8.0200E+00	1.6090E-01	1.5300E-01	3.1390E-01	
8.0400E+00	1.5564E-01	1.5600E-01	3.1164E-01	
8.0600E+00	1.4291E-01	1.5400E-01	2.9691E-01	
8.0800E+00	1.2705E-01	1.3000E-01	2.5705E-01	
8.1000E+00	1.1498E-01	1.0700E-01	2.2198E-01	
8.1200E+00	1.0772E-01	8.9700E-02	1.9742E-01	
8.1400E+00	1.0113E-01	8.0100E-02	1.8123E-01	
8.1600E+00	9.5097E-02	7.4300E-02	1.6940E-01	
8.1800E+00	8.9741E-02	6.9500E-02	1.5924E-01	
8.2000E+00	8.5202E-02	6.5900E-02	1.5110E-01	
8.2200E+00	8.1913E-02	6.2700E-02	1.4461E-01	
8.2400E+00	7.9643E-02	5.9600E-02	1.3924E-01	
8.2600E+00	7.7876E-02	5.6800E-02	1.3468E-01	
8.2800E+00	7.6121E-02	5.4200E-02	1.3032E-01	
8.3000E+00	7.4349E-02	5.1900E-02	1.2625E-01	
8.3200E+00	7.2561E-02	5.0100E-02	1.2266E-01	
8.3400E+00	7.0757E-02	4.9000E-02	1.1976E-01	
8.3600E+00	6.8937E-02	4.7900E-02	1.1684E-01	
8.3800E+00	6.7101E-02	4.6800E-02	1.1390E-01	
8.4000E+00	6.5250E-02	4.5800E-02	1.1105E-01	
8.4200E+00	6.3383E-02	4.4700E-02	1.0808E-01	
8.4400E+00	6.1502E-02	4.3600E-02	1.0510E-01	
8.4600E+00	5.9605E-02	4.2500E-02	1.0210E-01	
8.4800E+00	5.7697E-02	4.1400E-02	9.9097E-02	
8.5000E+00	5.5891E-02	4.0300E-02	9.6191E-02	
8.5200E+00	5.4291E-02	3.9200E-02	9.3491E-02	
8.5400E+00	5.2964E-02	3.8000E-02	9.0964E-02	
8.5600E+00	5.1994E-02	3.6900E-02	8.8894E-02	
8.5800E+00	5.1223E-02	3.5800E-02	8.7023E-02	
8.6000E+00	5.0519E-02	3.4700E-02	8.5219E-02	
8.6200E+00	4.9864E-02	3.3700E-02	8.3564E-02	
8.6400E+00	4.9259E-02	3.2700E-02	8.1959E-02	
8.6600E+00	4.8768E-02	3.1700E-02	8.0468E-02	
8.6800E+00	4.8455E-02	3.0800E-02	7.9255E-02	
8.7000E+00	4.8316E-02	2.9900E-02	7.8216E-02	
8.7200E+00	4.8324E-02	2.9100E-02	7.7424E-02	
8.7400E+00	4.8325E-02	2.8300E-02	7.6625E-02	
8.7600E+00	4.8311E-02	2.7600E-02	7.5911E-02	
8.7800E+00	4.8282E-02	2.7200E-02	7.5482E-02	
8.8000E+00	4.8238E-02	2.7000E-02	7.5238E-02	
8.8200E+00	4.8179E-02	2.6800E-02	7.4979E-02	
8.8400E+00	4.8104E-02	2.6700E-02	7.4804E-02	
8.8600E+00	4.8015E-02	2.6500E-02	7.4515E-02	
8.8800E+00	4.7910E-02	2.6400E-02	7.4310E-02	
8.9000E+00	4.7790E-02	2.6200E-02	7.3990E-02	
8.9200E+00	4.7656E-02	2.6000E-02	7.3656E-02	
8.9400E+00	4.7506E-02	2.5800E-02	7.3306E-02	
8.9600E+00	4.7341E-02	2.5700E-02	7.3041E-02	
8.9800E+00	4.7162E-02	2.5500E-02	7.2662E-02	
9.0000E+00	4.8144E-02	2.5300E-02	7.3444E-02	
9.0200E+00	5.1748E-02	2.5100E-02	7.6848E-02	
9.0400E+00	6.2483E-02	2.5000E-02	8.7483E-02	
9.0600E+00	7.1672E-02	2.4800E-02	9.6472E-02	
9.0800E+00	8.0376E-02	2.4600E-02	1.0498E-01	
9.1000E+00	8.8368E-02	2.4400E-02	1.1277E-01	
9.1200E+00	9.4196E-02	2.4200E-02	1.1840E-01	
9.1400E+00	9.5928E-02	2.4000E-02	1.1993E-01	
9.1600E+00	9.7445E-02	2.3800E-02	1.2125E-01	
9.1800E+00	1.0412E-01	2.4300E-02	1.2842E-01	
9.2000E+00	1.1510E-01	3.0200E-02	1.4530E-01	
9.2200E+00	1.2117E-01	3.5400E-02	1.5657E-01	
9.2400E+00	1.2775E-01	4.0200E-02	1.6795E-01	
9.2600E+00	1.3644E-01	4.4800E-02	1.8124E-01	
9.2800E+00	1.3881E-01	4.9200E-02	1.8801E-01	
9.3000E+00	1.4092E-01	5.1500E-02	1.9242E-01	
9.3200E+00	1.4295E-01	5.1700E-02	1.9465E-01	
9.3400E+00	1.4495E-01	5.2500E-02	1.9745E-01	
9.3600E+00	1.4698E-01	5.3400E-02	2.0038E-01	
9.3800E+00	1.4898E-01	5.4300E-02	2.0328E-01	
9.4000E+00	1.5109E-01	6.0900E-02	2.1199E-01	
9.4200E+00	1.5508E-01	6.5700E-02	2.2078E-01	
9.4400E+00	1.7293E-01	6.7300E-02	2.4023E-01	
9.4600E+00	1.8855E-01	6.9000E-02	2.5755E-01	
9.4800E+00	1.8773E-01	7.0700E-02	2.5843E-01	
9.5000E+00	1.8615E-01	7.2400E-02	2.5855E-01	
9.5200E+00	1.8423E-01	7.4100E-02	2.5833E-01	
9.5400E+00	1.8539E-01	7.5800E-02	2.6119E-01	
9.5600E+00	1.8892E-01	7.7700E-02	2.6662E-01	
9.5800E+00	1.9363E-01	7.9400E-02	2.7303E-01	
9.6100E+00	2.1273E-01	8.1700E-02	2.9443E-01	
9.6300E+00	2.4562E-01	8.6100E-02	3.3172E-01	
9.6500E+00	2.5771E-01	9.4400E-02	3.5211E-01	
9.6700E+00	2.2247E-01	1.0600E-01	3.2847E-01	
9.6900E+00	1.9997E-01	1.0600E-01	3.0597E-01	
9.7100E+00	1.9748E-01	1.0300E-01	3.0048E-01	
9.7300E+00	2.0088E-01	1.0100E-01	3.0188E-01	
9.7500E+00	2.0587E-01	9.8600E-02	3.0447E-01	
9.7700E+00	2.1265E-01	9.7400E-02	3.1005E-01	
9.7900E+00	2.2161E-01	9.6700E-02	3.1831E-01	
9.8100E+00	2.3375E-01	1.0200E-01	3.3575E-01	
9.8300E+00	2.4901E-01	1.1000E-01	3.5901E-01	
9.8500E+00	2.6803E-01	1.0900E-01	3.7703E-01	
9.8700E+00	2.9080E-01	1.0000E-01	3.9080E-01	
9.8900E+00	3.1713E-01	9.2100E-02	4.0923E-01	
9.9100E+00	3.4658E-01	8.1600E-02	4.2818E-01	
9.9300E+00	3.7649E-01	7.8200E-02	4.5469E-01	
9.9500E+00	4.4423E-01	7.7200E-02	5.2143E-01	
9.9700E+00	4.5483E-01	7.7400E-02	5.3223E-01	
9.9900E+00	4.4884E-01	7.8800E-02	5.2764E-01	
1.0000E+01	4.4682E-01	8.1700E-02	5.2852E-01	
1.0000E+01	4.6508E-01	8.5900E-02	5.5098E-01	
1.0000E+01	4.8432E-01	9.1200E-02	5.7552E-01	
1.0100E+01	5.1107E-01	9.7500E-02	6.0857E-01	
1.0100E+01	5.4095E-01	1.0400E-01	6.4495E-01	
1.0100E+01	5.7069E-01	1.1000E-01	6.8069E-01	
1.0100E+01	6.0397E-01	1.1700E-01	7.2097E-01	
1.0100E+01	6.4739E-01	1.2300E-01	7.7039E-01	
1.0200E+01	6.9034E-01	1.3000E-01	8.2034E-01	
1.0200E+01	6.7466E-01	1.3400E-01	8.0866E-01	
1.0200E+01	6.8769E-01	1.4000E-01	8.2769E-01	
1.0200E+01	7.1436E-01	1.4800E-01	8.6236E-01	
1.0200E+01	7.3489E-01	1.5700E-01	8.9189E-01	
1.0300E+01	7.4747E-01	1.6800E-01	9.1547E-01	
1.0300E+01	7.6743E-01	1.8000E-01	9.4743E-01	
1.0300E+01	8.0957E-01	1.9500E-01	1.0046E+00	
1.0300E+01	8.7362E-01	2.1100E-01	1.0846E+00	
1.0300E+01	9.1368E-01	2.2900E-01	1.1427E+00	
1.0400E+01	8.6860E-01	2.4900E-01	1.1176E+00	
1.0400E+01	8.0654E-01	2.6600E-01	1.0725E+00	
1.0400E+01	7.9905E-01	2.8000E-01	1.0790E+00	
1.0400E+01	7.8379E-01	2.9300E-01	1.0768E+00	
1.0400E+01	7.8276E-01	2.9900E-01	1.0818E+00	
1.0500E+01	7.7597E-01	3.0800E-01	1.0840E+00	
1.0500E+01	8.3060E-01	3.1900E-01	1.1496E+00	
1.0500E+01	8.0222E-01	3.2900E-01	1.1312E+00	
1.0500E+01	8.0068E-01	3.3600E-01	1.1367E+00	
1.0500E+01	7.9963E-01	3.4100E-01	1.1406E+00	
1.0600E+01	8.0166E-01	3.4400E-01	1.1457E+00	
1.0600E+01	8.0148E-01	3.4500E-01	1.1465E+00	
1.0600E+01	7.9438E-01	3.4400E-01	1.1384E+00	
1.0600E+01	8.0534E-01	3.4300E-01	1.1483E+00	
1.0600E+01	8.3751E-01	3.5700E-01	1.1945E+00	
1.0700E+01	8.9266E-01	3.7300E-01	1.2657E+00	
1.0700E+01	9.3921E-01	3.8700E-01	1.3262E+00	
1.0700E+01	1.0070E+00	4.0300E-01	1.4100E+00	
1.0700E+01	1.0924E+00	4.2300E-01	1.5154E+00	
1.0700E+01	1.1872E+00	4.4700E-01	1.6342E+00	
1.0800E+01	1.2920E+00	4.5700E-01	1.7490E+00	
1.0800E+01	1.4242E+00	4.5400E-01	1.8782E+00	
1.0800E+01	1.5603E+00	4.4200E-01	2.0023E+00	
1.0800E+01	1.6666E+00	4.2400E-01	2.0906E+00	
1.0800E+01	2.0516E+00	3.9700E-01	2.4486E+00	
1.0900E+01	2.4125E+00	3.7200E-01	2.7845E+00	
1.0900E+01	2.7005E+00	3.4900E-01	3.0495E+00	
1.0900E+01	2.9414E+00	3.2900E-01	3.2704E+00	
1.0900E+01	3.4523E+00	3.1800E-01	3.7703E+00	
1.0900E+01	3.3566E+00	3.1200E-01	3.6686E+00	
1.1000E+01	2.3801E+00	3.0700E-01	2.6871E+00	
1.1000E+01	1.9387E+00	2.9900E-01	2.2377E+00	
1.1000E+01	1.4952E+00	2.9500E-01	1.7902E+00	
1.1000E+01	1.3217E+00	2.9200E-01	1.6137E+00	
1.1000E+01	1.4125E+00	2.8800E-01	1.7005E+00	
1.1100E+01	1.6208E+00	2.8700E-01	1.9078E+00	
1.1100E+01	1.9688E+00	2.9700E-01	2.2658E+00	
1.1100E+01	2.3786E+00	3.0700E-01	2.6856E+00	
1.1100E+01	2.5368E+00	3.1500E-01	2.8518E+00	
1.1100E+01	2.6688E+00	3.2300E-01	2.9918E+00	
1.1200E+01	2.8988E+00	3.3200E-01	3.2308E+00	
1.1200E+01	3.0100E+00	3.4100E-01	3.3510E+00	
1.1200E+01	2.9161E+00	3.5000E-01	3.2661E+00	
1.1200E+01	2.8779E+00	3.6100E-01	3.2389E+00	
1.1200E+01	2.9187E+00	3.7500E-01	3.2937E+00	
1.1300E+01	2.9647E+00	3.8900E-01	3.3537E+00	
1.1300E+01	2.5774E+00	4.0400E-01	2.9814E+00	
1.1300E+01	2.6240E+00	4.2700E-01	3.0510E+00	
1.1300E+01	3.8172E+00	4.6500E-01	4.2822E+00	
1.1300E+01	4.4201E+00	5.0300E-01	4.9231E+00	
1.1400E+01	4.6395E+00	5.3300E-01	5.1725E+00	
1.1400E+01	4.5777E+00	5.6100E-01	5.1387E+00	
1.1400E+01	3.8000E+00	5.9000E-01	4.3900E+00	
1.1400E+01	3.1823E+00	6.2000E-01	3.8023E+00	
1.1400E+01	3.2605E+00	6.6000E-01	3.9205E+00	
1.1500E+01	3.7885E+00	7.1100E-01	4.4995E+00	
1.1500E+01	4.2119E+00	7.7300E-01	4.9849E+00	
1.1500E+01	5.1953E+00	8.4900E-01	6.0443E+00	
1.1500E+01	5.1358E+00	8.8800E-01	6.0238E+00	
1.1500E+01	6.5976E+00	8.3400E-01	7.4316E+00	
1.1600E+01	6.2762E+00	8.1200E-01	7.0882E+00	
1.1600E+01	5.5096E+00	7.4300E-01	6.2526E+00	
1.1600E+01	4.9846E+00	6.5900E-01	5.6436E+00	
1.1600E+01	4.7277E+00	6.3100E-01	5.3587E+00	
1.1600E+01	5.3116E+00	6.0900E-01	5.9206E+00	
1.1700E+01	8.0065E+00	5.9400E-01	8.6005E+00	
1.1700E+01	6.1093E+00	5.8200E-01	6.6913E+00	
1.1700E+01	4.7083E+00	5.7100E-01	5.2793E+00	
1.1700E+01	4.2583E+00	5.6300E-01	4.8213E+00	
1.1700E+01	4.0656E+00	5.6100E-01	4.6266E+00	
1.1800E+01	4.0145E+00	5.5700E-01	4.5715E+00	
1.1800E+01	3.5908E+00	5.6100E-01	4.1518E+00	
1.1800E+01	4.5156E+00	5.7700E-01	5.0926E+00	
1.1800E+01	5.9442E+00	6.2300E-01	6.5672E+00	
1.1800E+01	5.9381E+00	6.9300E-01	6.6311E+00	
1.1900E+01	5.8686E+00	7.7400E-01	6.6426E+00	
1.1900E+01	6.1591E+00	9.7600E-01	7.1351E+00	
1.1900E+01	8.9633E+00	9.3900E-01	9.9023E+00	
1.1900E+01	5.4955E+00	8.6400E-01	6.3595E+00	
1.1900E+01	5.2511E+00	8.3900E-01	6.0901E+00	
1.2000E+01	4.7938E+00	8.4300E-01	5.6368E+00	
1.2000E+01	4.2851E+00	8.7700E-01	5.1621E+00	
1.2000E+01	4.3757E+00	9.7400E-01	5.3497E+00	
1.2000E+01	4.4933E+00	1.0900E+00	5.5833E+00	
1.2000E+01	4.6750E+00	1.2000E+00	5.8750E+00	
1.2100E+01	5.6640E+00	1.3100E+00	6.9740E+00	
1.2100E+01	9.2193E+00	1.4400E+00	1.0659E+01	
1.2100E+01	7.6206E+00	1.6000E+00	9.2206E+00	
1.2100E+01	9.2957E+00	1.7700E+00	1.1066E+01	
1.2100E+01	9.7514E+00	1.7100E+00	1.1461E+01	
1.2200E+01	8.0687E+00	1.4500E+00	9.5187E+00	
1.2200E+01	7.0294E+00	1.3400E+00	8.3694E+00	
1.2200E+01	5.6754E+00	1.1500E+00	6.8254E+00	
1.2200E+01	5.7672E+00	8.4000E-01	6.6072E+00	
1.2200E+01	7.9168E+00	7.2700E-01	8.6438E+00	
1.2300E+01	6.7393E+00	6.7200E-01	7.4113E+00	
1.2300E+01	8.4858E+00	6.2800E-01	9.1138E+00	
1.2300E+01	5.6477E+00	6.9500E-01	6.3427E+00	
1.2300E+01	7.4077E+00	8.2000E-01	8.2277E+00	
1.2300E+01	8.4040E+00	1.0200E+00	9.4240E+00	
1.2400E+01	9.3188E+00	1.1900E+00	1.0509E+01	
1.2400E+01	8.7529E+00	1.2100E+00	9.9629E+00	
1.2400E+01	6.2641E+00	1.1700E+00	7.4341E+00	
1.2400E+01	6.4479E+00	1.1600E+00	7.6079E+00	
1.2400E+01	8.1132E+00	1.1400E+00	9.2532E+00	
1.2500E+01	6.9273E+00	1.1500E+00	8.0773E+00	
1.2500E+01	8.7597E+00	1.1900E+00	9.9497E+00	
1.2500E+01	9.9080E+00	1.2800E+00	1.1188E+01	
1.2500E+01	8.1751E+00	1.4700E+00	9.6451E+00	
1.2500E+01	9.6665E+00	1.8300E+00	1.1496E+01	
1.2600E+01	9.8859E+00	2.2200E+00	1.2106E+01	
1.2600E+01	6.7024E+00	2.4400E+00	9.1424E+00	
1.2600E+01	4.7476E+00	2.5100E+00	7.2576E+00	
1.2600E+01	4.4762E+00	2.5600E+00	7.0362E+00	
1.2600E+01	5.4442E+00	2.7500E+00	8.1942E+00	
1.2700E+01	5.8895E+00	3.1100E+00	8.9995E+00	
1.2700E+01	6.9077E+00	3.4700E+00	1.0378E+01	
1.2700E+01	8.4263E+00	3.6700E+00	1.2096E+01	
1.2700E+01	1.0333E+01	4.1700E+00	1.4503E+01	
1.2700E+01	9.7989E+00	4.0300E+00	1.3829E+01	
1.2800E+01	1.1017E+01	3.3600E+00	1.4377E+01	
1.2800E+01	1.0262E+01	3.2600E+00	1.3522E+01	
1.2800E+01	9.5181E+00	3.5200E+00	1.3038E+01	
1.2800E+01	7.4592E+00	5.2500E+00	1.2709E+01	
1.2800E+01	8.8148E+00	7.0000E+00	1.5815E+01	
1.2900E+01	8.8484E+00	4.6600E+00	1.3508E+01	
1.2900E+01	9.6057E+00	3.3000E+00	1.2906E+01	
1.2900E+01	1.1420E+01	2.1400E+00	1.3560E+01	
1.2900E+01	1.0779E+01	1.6900E+00	1.2469E+01	
1.2900E+01	1.0258E+01	1.5200E+00	1.1778E+01	
1.3000E+01	1.2167E+01	1.7800E+00	1.3947E+01	
1.3000E+01	1.0617E+01	2.4700E+00	1.3087E+01	
1.3000E+01	9.9934E+00	3.5100E+00	1.3503E+01	
1.3000E+01	1.3245E+01	4.2800E+00	1.7525E+01	
1.3000E+01	1.0203E+01	4.5800E+00	1.4783E+01	
1.3100E+01	1.1940E+01	4.6300E+00	1.6570E+01	
1.3100E+01	1.2140E+01	4.4600E+00	1.6600E+01	
1.3100E+01	1.4255E+01	5.4500E+00	1.9705E+01	
1.3100E+01	1.1094E+01	4.9300E+00	1.6024E+01	
1.3100E+01	1.1545E+01	4.8000E+00	1.6345E+01	
1.3200E+01	8.0435E+00	4.2100E+00	1.2253E+01	
1.3200E+01	5.5868E+00	3.4500E+00	9.0368E+00	
1.3200E+01	7.0781E+00	3.2100E+00	1.0288E+01	
1.3200E+01	9.3555E+00	3.2200E+00	1.2575E+01	
1.3200E+01	4.3803E+00	3.3900E+00	7.7703E+00	
1.3300E+01	3.9319E+00	3.4400E+00	7.3719E+00	
1.3300E+01	4.3250E+00	3.1900E+00	7.5150E+00	
1.3300E+01	6.2030E+00	2.8000E+00	9.0030E+00	
1.3300E+01	7.8569E+00	2.5600E+00	1.0417E+01	
1.3300E+01	7.3247E+00	2.5600E+00	9.8847E+00	
1.3400E+01	6.8800E+00	2.7800E+00	9.6600E+00	
1.3400E+01	7.7035E+00	3.5900E+00	1.1294E+01	
1.3400E+01	6.2743E+00	3.3900E+00	9.6643E+00	
1.3400E+01	6.5056E+00	3.6100E+00	1.0116E+01	
1.3400E+01	8.8554E+00	3.8300E+00	1.2685E+01	
1.3500E+01	9.8919E+00	4.3400E+00	1.4232E+01	
1.3500E+01	1.1503E+01	4.9400E+00	1.6443E+01	
1.3500E+01	1.0567E+01	5.0700E+00	1.5637E+01	
1.3500E+01	8.9747E+00	6.2900E+00	1.5265E+01	
1.3500E+01	9.3223E+00	5.1500E+00	1.4472E+01	
1.3600E+01	1.2435E+01	3.9100E+00	1.6345E+01	
1.3600E+01	1.0148E+01	4.6200E+00	1.4768E+01	
1.3600E+01	7.4558E+00	4.8600E+00	1.2316E+01	
1.3600E+01	1.0701E+01	4.6000E+00	1.5301E+01	
1.3600E+01	1.2815E+01	5.8200E+00	1.8635E+01	
1.3700E+01	1.2248E+01	1.1200E+01	2.3448E+01	
1.3700E+01	9.8554E+00	8.9000E+00	1.8755E+01	
1.3700E+01	1.0053E+01	7.2800E+00	1.7333E+01	
1.3700E+01	1.1104E+01	6.7000E+00	1.7804E+01	
1.3700E+01	1.3685E+01	7.3500E+00	2.1035E+01	
1.3800E+01	1.8484E+01	7.8200E+00	2.6304E+01	
1.3800E+01	1.4724E+01	7.6600E+00	2.2384E+01	
1.3800E+01	1.1071E+01	7.2800E+00	1.8351E+01	
1.3800E+01	1.1764E+01	6.4900E+00	1.8254E+01	
1.3800E+01	1.3226E+01	5.9700E+00	1.9196E+01	
1.3900E+01	1.2483E+01	5.5600E+00	1.8043E+01	
1.3900E+01	9.4134E+00	5.2300E+00	1.4643E+01	
1.3900E+01	9.4218E+00	4.8500E+00	1.4272E+01	
1.3900E+01	1.1175E+01	4.9400E+00	1.6115E+01	
1.3900E+01	7.6429E+00	5.4300E+00	1.3073E+01	
1.4000E+01	4.6658E+00	6.3000E+00	1.0966E+01	
1.4000E+01	5.0256E+00	6.4500E+00	1.1476E+01	
1.4000E+01	5.7823E+00	5.8100E+00	1.1592E+01	
1.4000E+01	6.0935E+00	5.7400E+00	1.1833E+01	
1.4000E+01	4.3801E+00	5.4600E+00	9.8401E+00	
1.4100E+01	3.3943E+00	5.1200E+00	8.5143E+00	
1.4100E+01	3.7282E+00	5.1800E+00	8.9082E+00	
1.4100E+01	5.3545E+00	4.8600E+00	1.0215E+01	
1.4100E+01	5.7780E+00	5.2900E+00	1.1068E+01	
1.4100E+01	6.7372E+00	5.6300E+00	1.2367E+01	
1.4200E+01	7.3214E+00	5.8000E+00	1.3121E+01	
1.4200E+01	7.7533E+00	5.7800E+00	1.3533E+01	
1.4200E+01	8.1317E+00	3.5700E+00	1.1702E+01	
1.4200E+01	7.4934E+00	3.8800E+00	1.1373E+01	
1.4200E+01	6.3639E+00	4.9300E+00	1.1294E+01	
1.4300E+01	6.0204E+00	4.6700E+00	1.0690E+01	
1.4300E+01	6.5958E+00	3.8500E+00	1.0446E+01	
1.4300E+01	5.7122E+00	6.0300E+00	1.1742E+01	
1.4300E+01	4.5573E+00	6.9800E+00	1.1537E+01	
1.4300E+01	3.6325E+00	6.6800E+00	1.0312E+01	
1.4400E+01	2.6930E+00	5.9300E+00	8.6230E+00	
1.4400E+01	2.4501E+00	5.0000E+00	7.4501E+00	
1.4400E+01	2.6552E+00	4.7500E+00	7.4052E+00	
1.4400E+01	2.8604E+00	5.7300E+00	8.5904E+00	
1.4400E+01	3.1798E+00	8.7800E+00	1.1960E+01	
1.4500E+01	3.5017E+00	8.4500E+00	1.1952E+01	
1.4500E+01	3.6758E+00	5.2100E+00	8.8858E+00	
1.4500E+01	3.5087E+00	5.4300E+00	8.9387E+00	
1.4500E+01	3.3834E+00	8.4100E+00	1.1793E+01	
1.4500E+01	3.1684E+00	9.7700E+00	1.2938E+01	
1.4600E+01	2.6291E+00	1.0300E+01	1.2929E+01	
1.4600E+01	2.4404E+00	8.4600E+00	1.0900E+01	
1.4600E+01	2.2815E+00	6.8400E+00	9.1215E+00	
1.4600E+01	1.9351E+00	3.5100E+00	5.4451E+00	
1.4700E+01	1.7171E+00	2.7800E+00	4.4971E+00	
1.4700E+01	1.6663E+00	3.4900E+00	5.1563E+00	
1.4700E+01	1.6337E+00	7.6200E+00	9.2537E+00	
1.4700E+01	1.6241E+00	1.1600E+01	1.3224E+01	
1.4700E+01	1.8771E+00	8.0700E+00	9.9471E+00	
1.4800E+01	2.9983E+00	4.3400E+00	7.3383E+00	
1.4800E+01	2.0448E+00	3.1600E+00	5.2048E+00	
1.4800E+01	2.2441E+00	5.1600E+00	7.4041E+00	
1.4800E+01	2.4144E+00	7.0700E+00	9.4844E+00	
1.4800E+01	2.7397E+00	1.0400E+01	1.3140E+01	
1.4900E+01	3.1183E+00	8.7700E+00	1.1888E+01	
1.4900E+01	3.2132E+00	8.0800E+00	1.1293E+01	
1.4900E+01	3.1079E+00	3.3600E+00	6.4679E+00	
1.4900E+01	2.9428E+00	2.0300E+00	4.9728E+00	
1.4900E+01	2.8068E+00	4.6800E+00	7.4868E+00	
1.5000E+01	2.6997E+00	6.6000E+00	9.2997E+00	
1.5000E+01	2.5347E+00	6.3400E+00	8.8747E+00	
1.5000E+01	2.5108E+00	6.8200E+00	9.3308E+00	
1.5000E+01	2.5660E+00	5.0700E+00	7.6360E+00	
1.5000E+01	2.7002E+00	2.4000E+00	5.1002E+00	
1.5100E+01	2.5980E+00	1.8000E+00	4.3980E+00	
1.5100E+01	2.4119E+00	1.5100E+00	3.9219E+00	
1.5100E+01	2.2074E+00	1.3900E+00	3.5974E+00	
1.5100E+01	2.0637E+00	1.5100E+00	3.5737E+00	
1.5100E+01	1.7922E+00	1.7100E+00	3.5022E+00	
1.5200E+01	1.6088E+00	1.9000E+00	3.5088E+00	
1.5200E+01	1.6346E+00	2.1800E+00	3.8146E+00	
1.5200E+01	1.5335E+00	2.7200E+00	4.2535E+00	
1.5200E+01	1.4274E+00	3.2600E+00	4.6874E+00	
1.5200E+01	1.3321E+00	4.4000E+00	5.7321E+00	
1.5300E+01	1.2762E+00	3.3800E+00	4.6562E+00	
1.5300E+01	1.2137E+00	2.7100E+00	3.9237E+00	
1.5300E+01	1.1752E+00	2.6400E+00	3.8152E+00	
1.5300E+01	1.1736E+00	2.8000E+00	3.9736E+00	
1.5300E+01	1.1826E+00	3.0500E+00	4.2326E+00	
1.5400E+01	1.2145E+00	3.8700E+00	5.0845E+00	
1.5400E+01	1.2643E+00	4.8000E+00	6.0643E+00	
1.5400E+01	1.3260E+00	5.7600E+00	7.0860E+00	
1.5400E+01	1.3852E+00	4.8200E+00	6.2052E+00	
1.5400E+01	1.3860E+00	5.1900E+00	6.5760E+00	
1.5500E+01	1.4019E+00	5.7300E+00	7.1319E+00	
1.5500E+01	1.4537E+00	5.8000E+00	7.2537E+00	
1.5500E+01	1.5147E+00	6.7700E+00	8.2847E+00	
1.5500E+01	1.5575E+00	4.6300E+00	6.1875E+00	
1.5500E+01	1.5951E+00	4.9400E+00	6.5351E+00	
1.5600E+01	1.6697E+00	6.2600E+00	7.9297E+00	
1.5600E+01	1.7685E+00	5.4200E+00	7.1885E+00	
1.5600E+01	1.8302E+00	5.2900E+00	7.1202E+00	
1.5600E+01	1.7710E+00	4.8000E+00	6.5710E+00	
1.5600E+01	1.6356E+00	3.9900E+00	5.6256E+00	
1.5700E+01	1.4443E+00	3.6100E+00	5.0543E+00	
1.5700E+01	1.3311E+00	3.4200E+00	4.7511E+00	
1.5700E+01	1.2777E+00	3.6300E+00	4.9077E+00	
1.5700E+01	1.2404E+00	4.4500E+00	5.6904E+00	
1.5700E+01	1.2164E+00	5.6400E+00	6.8564E+00	
1.5800E+01	1.1650E+00	7.2400E+00	8.4050E+00	
1.5800E+01	1.0944E+00	7.1400E+00	8.2344E+00	
1.5800E+01	1.0472E+00	7.9500E+00	8.9972E+00	
1.5800E+01	1.0142E+00	8.2700E+00	9.2842E+00	
1.5800E+01	9.8369E-01	1.1400E+01	1.2384E+01	
1.5900E+01	9.4680E-01	7.3100E+00	8.2568E+00	
1.5900E+01	9.2577E-01	1.1100E+01	1.2026E+01	
1.5900E+01	9.2472E-01	9.4300E+00	1.0355E+01	
1.5900E+01	9.2520E-01	9.1800E+00	1.0105E+01	
1.5900E+01	9.1766E-01	7.5000E+00	8.4177E+00	
1.6000E+01	9.0475E-01	8.0600E+00	8.9648E+00	
1.6000E+01	8.8904E-01	1.1900E+01	1.2789E+01	
1.6000E+01	8.7160E-01	1.3600E+01	1.4472E+01	
1.6000E+01	8.5420E-01	1.3100E+01	1.3954E+01	
1.6000E+01	8.4036E-01	1.0800E+01	1.1640E+01	
1.6100E+01	8.3306E-01	1.5100E+01	1.5933E+01	
1.6100E+01	8.2794E-01	1.2000E+01	1.2828E+01	
1.6100E+01	8.2289E-01	9.8700E+00	1.0693E+01	
1.6100E+01	8.1916E-01	1.0300E+01	1.1119E+01	
1.6100E+01	8.1087E-01	8.1100E+00	8.9209E+00	
1.6200E+01	8.0039E-01	8.0500E+00	8.8504E+00	
1.6200E+01	7.7911E-01	1.0200E+01	1.0979E+01	
1.6200E+01	7.3684E-01	1.1200E+01	1.1937E+01	
1.6200E+01	7.1741E-01	1.2000E+01	1.2717E+01	
1.6200E+01	7.0407E-01	8.9600E+00	9.6641E+00	
1.6300E+01	6.9134E-01	1.1400E+01	1.2091E+01	
1.6300E+01	6.8034E-01	1.3500E+01	1.4180E+01	
1.6300E+01	6.5641E-01	1.2500E+01	1.3156E+01	
1.6300E+01	6.3170E-01	9.9100E+00	1.0542E+01	
1.6300E+01	6.1269E-01	1.2400E+01	1.3013E+01	
1.6400E+01	6.1848E-01	7.5800E+00	8.1985E+00	
1.6400E+01	6.0901E-01	6.9100E+00	7.5190E+00	
1.6400E+01	5.8284E-01	9.9600E+00	1.0543E+01	
1.6400E+01	5.7086E-01	8.4900E+00	9.0609E+00	
1.6400E+01	5.6696E-01	6.3800E+00	6.9470E+00	
1.6500E+01	5.6730E-01	5.9900E+00	6.5573E+00	
1.6500E+01	5.7124E-01	6.0000E+00	6.5712E+00	
1.6500E+01	5.8464E-01	5.8100E+00	6.3946E+00	
1.6500E+01	5.9926E-01	7.2900E+00	7.8893E+00	
1.6500E+01	6.4046E-01	5.6400E+00	6.2805E+00	
1.6600E+01	6.5146E-01	3.8400E+00	4.4915E+00	
1.6600E+01	6.6487E-01	5.1200E+00	5.7849E+00	
1.6600E+01	6.8089E-01	4.3900E+00	5.0709E+00	
1.6600E+01	6.8679E-01	5.1300E+00	5.8168E+00	
1.6600E+01	6.9971E-01	5.0300E+00	5.7297E+00	
1.6700E+01	7.0920E-01	5.4700E+00	6.1792E+00	
1.6700E+01	6.8983E-01	6.1100E+00	6.7998E+00	
1.6700E+01	6.5781E-01	6.9300E+00	7.5878E+00	
1.6700E+01	6.2442E-01	6.5700E+00	7.1944E+00	
1.6700E+01	5.8926E-01	4.9600E+00	5.5493E+00	
1.6800E+01	5.5485E-01	3.9800E+00	4.5348E+00	
1.6800E+01	5.2022E-01	3.4200E+00	3.9402E+00	
1.6800E+01	4.9573E-01	2.7700E+00	3.2657E+00	
1.6800E+01	4.8106E-01	2.8000E+00	3.2811E+00	
1.6800E+01	4.8294E-01	4.1200E+00	4.6029E+00	
1.6900E+01	4.9653E-01	3.4400E+00	3.9365E+00	
1.6900E+01	6.1482E-01	3.1500E+00	3.7648E+00	
1.6900E+01	6.2645E-01	3.2200E+00	3.8465E+00	
1.6900E+01	6.7169E-01	3.3600E+00	4.0317E+00	
1.6900E+01	7.4730E-01	3.4300E+00	4.1773E+00	
1.7000E+01	7.6181E-01	3.2700E+00	4.0318E+00	
1.7000E+01	7.5565E-01	2.8500E+00	3.6056E+00	
1.7000E+01	7.3024E-01	2.6700E+00	3.4002E+00	
1.7000E+01	6.5221E-01	2.5600E+00	3.2122E+00	
1.7000E+01	5.7565E-01	2.5700E+00	3.1456E+00	
1.7100E+01	5.1819E-01	2.8000E+00	3.3182E+00	
1.7100E+01	4.8602E-01	2.8400E+00	3.3260E+00	
1.7100E+01	4.5745E-01	2.7700E+00	3.2274E+00	
1.7100E+01	4.3268E-01	2.6500E+00	3.0827E+00	
1.7100E+01	4.1838E-01	2.3000E+00	2.7184E+00	
1.7200E+01	4.0806E-01	2.0800E+00	2.4881E+00	
1.7200E+01	4.0087E-01	1.9700E+00	2.3709E+00	
1.7200E+01	3.9604E-01	2.1500E+00	2.5460E+00	
1.7200E+01	3.9229E-01	2.1300E+00	2.5223E+00	
1.7200E+01	3.9162E-01	2.5000E+00	2.8916E+00	
1.7300E+01	3.9048E-01	2.6700E+00	3.0605E+00	
1.7300E+01	3.8639E-01	2.8800E+00	3.2664E+00	
1.7300E+01	3.7741E-01	2.7400E+00	3.1174E+00	
1.7300E+01	3.6734E-01	2.6700E+00	3.0373E+00	
1.7300E+01	3.7200E-01	2.5800E+00	2.9520E+00	
1.7400E+01	3.8357E-01	2.3000E+00	2.6836E+00	
1.7400E+01	3.9725E-01	2.0800E+00	2.4772E+00	
1.7400E+01	4.1307E-01	1.6500E+00	2.0631E+00	
1.7400E+01	4.4447E-01	1.5600E+00	2.0045E+00	
1.7400E+01	4.8626E-01	1.5600E+00	2.0463E+00	
1.7500E+01	4.8362E-01	1.5900E+00	2.0736E+00	
1.7500E+01	4.4518E-01	1.6800E+00	2.1252E+00	
1.7500E+01	4.3144E-01	1.7300E+00	2.1614E+00	
1.7500E+01	4.2481E-01	1.7500E+00	2.1748E+00	
1.7500E+01	4.1728E-01	1.7600E+00	2.1773E+00	
1.7600E+01	4.0829E-01	1.7500E+00	2.1583E+00	
1.7600E+01	4.0146E-01	1.7100E+00	2.1115E+00	
1.7600E+01	3.9760E-01	1.6900E+00	2.0876E+00	
1.7600E+01	3.9438E-01	1.6900E+00	2.0844E+00	
1.7600E+01	3.9185E-01	1.6100E+00	2.0019E+00	
1.7700E+01	3.8987E-01	1.6600E+00	2.0499E+00	
1.7700E+01	3.8880E-01	1.5100E+00	1.8988E+00	
1.7700E+01	3.8908E-01	1.3600E+00	1.7491E+00	
1.7700E+01	3.9108E-01	1.2400E+00	1.6311E+00	
1.7700E+01	3.9758E-01	1.1200E+00	1.5176E+00	
1.7800E+01	4.0968E-01	1.0600E+00	1.4697E+00	
1.7800E+01	4.1860E-01	1.0400E+00	1.4586E+00	
1.7800E+01	4.2325E-01	1.0700E+00	1.4932E+00	
1.7800E+01	4.2304E-01	1.1800E+00	1.6030E+00	
1.7800E+01	4.5693E-01	1.3800E+00	1.8369E+00	
1.7900E+01	4.9640E-01	1.5600E+00	2.0564E+00	
1.7900E+01	4.7572E-01	1.6400E+00	2.1157E+00	
1.7900E+01	4.5334E-01	1.6800E+00	2.1333E+00	
1.7900E+01	4.1758E-01	1.6600E+00	2.0776E+00	
1.7900E+01	4.0514E-01	1.5800E+00	1.9851E+00	
1.8000E+01	3.9539E-01	1.3700E+00	1.7654E+00	
1.8000E+01	3.8394E-01	1.2800E+00	1.6639E+00	
1.8000E+01	3.6810E-01	1.2000E+00	1.5681E+00	
1.8000E+01	3.5778E-01	1.1500E+00	1.5078E+00	
1.8000E+01	3.5320E-01	1.1000E+00	1.4532E+00	
1.8100E+01	3.5183E-01	1.0500E+00	1.4018E+00	
1.8100E+01	3.5012E-01	9.7000E-01	1.3201E+00	
1.8100E+01	3.4619E-01	9.3300E-01	1.2792E+00	
1.8100E+01	3.4156E-01	9.1000E-01	1.2516E+00	
1.8100E+01	3.3661E-01	8.9100E-01	1.2276E+00	
1.8200E+01	3.3216E-01	8.4400E-01	1.1762E+00	
1.8200E+01	3.2960E-01	7.9600E-01	1.1256E+00	
1.8200E+01	3.3032E-01	7.7300E-01	1.1033E+00	
1.8200E+01	3.3598E-01	7.5800E-01	1.0940E+00	
1.8200E+01	3.8624E-01	8.1100E-01	1.1972E+00	
1.8300E+01	3.6868E-01	8.1900E-01	1.1877E+00	
1.8300E+01	3.5450E-01	8.0100E-01	1.1555E+00	
1.8300E+01	3.7105E-01	7.9000E-01	1.1610E+00	
1.8300E+01	3.9979E-01	7.8600E-01	1.1858E+00	
1.8300E+01	4.4091E-01	7.8300E-01	1.2239E+00	
1.8400E+01	4.7607E-01	7.8400E-01	1.2601E+00	
1.8400E+01	5.1450E-01	7.8900E-01	1.3035E+00	
1.8400E+01	5.5331E-01	7.9900E-01	1.3523E+00	
1.8400E+01	5.8141E-01	8.1100E-01	1.3924E+00	
1.8400E+01	5.9411E-01	8.2800E-01	1.4221E+00	
1.8500E+01	5.8706E-01	8.4900E-01	1.4361E+00	
1.8500E+01	5.8283E-01	8.7300E-01	1.4558E+00	
1.8500E+01	5.7459E-01	8.8900E-01	1.4636E+00	
1.8500E+01	5.5939E-01	8.8600E-01	1.4454E+00	
1.8500E+01	5.3737E-01	8.7000E-01	1.4074E+00	
1.8600E+01	5.3274E-01	8.5300E-01	1.3857E+00	
1.8600E+01	5.4268E-01	8.2300E-01	1.3657E+00	
1.8600E+01	5.4917E-01	7.8200E-01	1.3312E+00	
1.8600E+01	5.5004E-01	7.3900E-01	1.2890E+00	
1.8600E+01	5.4354E-01	6.8400E-01	1.2275E+00	
1.8700E+01	5.3644E-01	6.4900E-01	1.1854E+00	
1.8700E+01	5.4440E-01	6.0000E-01	1.1444E+00	
1.8700E+01	5.4266E-01	5.9200E-01	1.1347E+00	
1.8700E+01	5.3674E-01	6.0300E-01	1.1397E+00	
1.8700E+01	5.3218E-01	6.3000E-01	1.1622E+00	
1.8800E+01	5.3245E-01	6.5700E-01	1.1895E+00	
1.8800E+01	5.2967E-01	6.8800E-01	1.2177E+00	
1.8800E+01	4.9817E-01	7.2800E-01	1.2262E+00	
1.8800E+01	4.8948E-01	7.8000E-01	1.2695E+00	
1.8800E+01	4.9026E-01	8.3900E-01	1.3293E+00	
1.8900E+01	4.9450E-01	8.8300E-01	1.3775E+00	
1.8900E+01	5.0073E-01	8.3400E-01	1.3347E+00	
1.8900E+01	5.1676E-01	7.6200E-01	1.2788E+00	
1.8900E+01	5.1258E-01	7.2800E-01	1.2406E+00	
1.8900E+01	5.0922E-01	6.8300E-01	1.1922E+00	
1.9000E+01	5.1065E-01	6.4400E-01	1.1546E+00	
1.9000E+01	4.9699E-01	6.6200E-01	1.1590E+00	
1.9000E+01	4.8562E-01	7.0600E-01	1.1916E+00	
1.9000E+01	4.7588E-01	7.0800E-01	1.1839E+00	
1.9000E+01	4.6810E-01	7.1100E-01	1.1791E+00	
1.9100E+01	4.6373E-01	7.3100E-01	1.1947E+00	
1.9100E+01	4.6369E-01	8.0900E-01	1.2727E+00	
1.9100E+01	4.6492E-01	8.8100E-01	1.3459E+00	
1.9100E+01	4.6176E-01	9.1200E-01	1.3738E+00	
1.9100E+01	4.5521E-01	9.3400E-01	1.3892E+00	
1.9200E+01	4.5124E-01	9.4200E-01	1.3932E+00	
1.9200E+01	4.4785E-01	9.4800E-01	1.3958E+00	
1.9200E+01	4.4811E-01	9.3200E-01	1.3801E+00	
1.9200E+01	4.5308E-01	9.3000E-01	1.3831E+00	
1.9200E+01	4.7114E-01	9.1700E-01	1.3881E+00	
1.9300E+01	4.9030E-01	9.2600E-01	1.4163E+00	
1.9300E+01	5.1304E-01	9.4100E-01	1.4540E+00	
1.9300E+01	5.3360E-01	9.2700E-01	1.4606E+00	
1.9300E+01	5.3388E-01	8.7300E-01	1.4069E+00	
1.9300E+01	5.3898E-01	8.3500E-01	1.3740E+00	
1.9400E+01	5.2607E-01	8.0200E-01	1.3281E+00	
1.9400E+01	5.2146E-01	7.7400E-01	1.2955E+00	
1.9400E+01	5.1868E-01	7.5400E-01	1.2727E+00	
1.9400E+01	5.2097E-01	7.3900E-01	1.2600E+00	
1.9400E+01	5.3260E-01	7.3100E-01	1.2636E+00	
1.9500E+01	5.5001E-01	7.4600E-01	1.2960E+00	
1.9500E+01	5.6510E-01	7.3200E-01	1.2971E+00	
1.9500E+01	5.7667E-01	6.8900E-01	1.2657E+00	
1.9500E+01	5.8946E-01	6.8700E-01	1.2765E+00	
1.9500E+01	6.0879E-01	6.5700E-01	1.2658E+00	
1.9600E+01	6.2602E-01	6.2900E-01	1.2550E+00	
1.9600E+01	6.3429E-01	6.1600E-01	1.2503E+00	
1.9600E+01	6.3418E-01	5.9700E-01	1.2312E+00	
1.9600E+01	6.3216E-01	5.8000E-01	1.2122E+00	
1.9600E+01	6.3378E-01	5.6400E-01	1.1978E+00	
1.9700E+01	6.3069E-01	5.4900E-01	1.1797E+00	
1.9700E+01	6.2296E-01	5.4000E-01	1.1630E+00	
1.9700E+01	6.1570E-01	5.3300E-01	1.1487E+00	
1.9700E+01	6.0603E-01	5.3000E-01	1.1360E+00	
1.9700E+01	5.9437E-01	5.3100E-01	1.1254E+00	
1.9800E+01	5.7911E-01	5.3000E-01	1.1091E+00	
1.9800E+01	5.5419E-01	5.2700E-01	1.0812E+00	
1.9800E+01	5.3847E-01	5.1800E-01	1.0565E+00	
1.9800E+01	5.2363E-01	5.0300E-01	1.0266E+00	
1.9800E+01	5.1013E-01	5.2100E-01	1.0311E+00	
1.9900E+01	4.9501E-01	5.5400E-01	1.0490E+00	
1.9900E+01	4.7895E-01	5.5200E-01	1.0310E+00	
1.9900E+01	4.7308E-01	5.3800E-01	1.0111E+00	
1.9900E+01	4.6860E-01	5.2600E-01	9.9460E-01	
1.9900E+01	4.6523E-01	5.2700E-01	9.9223E-01	
2.0000E+01	4.6462E-01	5.8200E-01	1.0466E+00	
2.0000E+01	4.6709E-01	6.0000E-01	1.0671E+00	
2.0000E+01	4.7222E-01	6.2900E-01	1.1012E+00	
2.0000E+01	4.7891E-01	6.8500E-01	1.1639E+00	
2.0000E+01	4.8485E-01	7.4000E-01	1.2249E+00	
2.0100E+01	4.8268E-01	7.5800E-01	1.2407E+00	
2.0100E+01	4.8317E-01	7.6500E-01	1.2482E+00	
2.0100E+01	4.8766E-01	7.7800E-01	1.2657E+00	
2.0100E+01	4.9183E-01	7.9000E-01	1.2818E+00	
2.0100E+01	4.9758E-01	8.0700E-01	1.3046E+00	
2.0200E+01	5.0203E-01	8.2200E-01	1.3240E+00	
2.0200E+01	4.9746E-01	8.3000E-01	1.3275E+00	
2.0200E+01	4.9205E-01	8.2500E-01	1.3170E+00	
2.0200E+01	4.7439E-01	8.0500E-01	1.2794E+00	
2.0200E+01	4.3910E-01	8.1300E-01	1.2521E+00	
2.0300E+01	4.1696E-01	8.1400E-01	1.2310E+00	
2.0300E+01	3.9871E-01	8.0900E-01	1.2077E+00	
2.0300E+01	3.8445E-01	8.0200E-01	1.1865E+00	
2.0300E+01	3.7767E-01	7.9800E-01	1.1757E+00	
2.0300E+01	3.7836E-01	7.8400E-01	1.1624E+00	
2.0400E+01	3.8563E-01	7.7000E-01	1.1556E+00	
2.0400E+01	4.2803E-01	7.6000E-01	1.1880E+00	
2.0400E+01	4.4575E-01	7.5600E-01	1.2017E+00	
2.0400E+01	4.4327E-01	7.5400E-01	1.1973E+00	
2.0400E+01	4.2644E-01	7.3900E-01	1.1654E+00	
2.0500E+01	4.1248E-01	7.2900E-01	1.1415E+00	
2.0500E+01	4.0302E-01	7.3000E-01	1.1330E+00	
2.0500E+01	4.0011E-01	7.3600E-01	1.1361E+00	
2.0500E+01	4.0529E-01	7.4200E-01	1.1473E+00	
2.0500E+01	4.1434E-01	7.5000E-01	1.1643E+00	
2.0600E+01	4.2568E-01	7.4200E-01	1.1677E+00	
2.0600E+01	4.3962E-01	7.2900E-01	1.1686E+00	
2.0600E+01	4.5940E-01	7.0300E-01	1.1624E+00	
2.0600E+01	4.9559E-01	6.8400E-01	1.1796E+00	
2.0600E+01	6.0541E-01	6.7500E-01	1.2804E+00	
2.0700E+01	6.4092E-01	6.4900E-01	1.2899E+00	
2.0700E+01	5.9033E-01	6.1300E-01	1.2033E+00	
2.0700E+01	5.6599E-01	5.7600E-01	1.1420E+00	
2.0700E+01	4.9206E-01	5.4600E-01	1.0381E+00	
2.0700E+01	4.6260E-01	5.2700E-01	9.8960E-01	
2.0800E+01	4.4837E-01	5.2500E-01	9.7337E-01	
2.0800E+01	4.4574E-01	5.4300E-01	9.8874E-01	
2.0800E+01	4.4648E-01	5.6200E-01	1.0085E+00	
2.0800E+01	4.5065E-01	5.6200E-01	1.0126E+00	
2.0800E+01	4.5681E-01	5.4800E-01	1.0048E+00	
2.0900E+01	4.6759E-01	5.2800E-01	9.9559E-01	
2.0900E+01	4.7373E-01	5.0800E-01	9.8173E-01	
2.0900E+01	4.8136E-01	4.9100E-01	9.7236E-01	
2.0900E+01	4.8068E-01	4.8200E-01	9.6268E-01	
2.0900E+01	4.7680E-01	4.7600E-01	9.5280E-01	
2.1000E+01	4.6497E-01	4.6900E-01	9.3397E-01	
2.1000E+01	4.4334E-01	4.6400E-01	9.0734E-01	
2.1000E+01	4.2344E-01	4.5800E-01	8.8144E-01	
2.1000E+01	4.0532E-01	4.5600E-01	8.6132E-01	
2.1000E+01	3.8897E-01	4.5800E-01	8.4697E-01	
2.1100E+01	3.7754E-01	4.6200E-01	8.3954E-01	
2.1100E+01	3.6575E-01	4.6500E-01	8.3075E-01	
2.1100E+01	3.5428E-01	4.7200E-01	8.2628E-01	
2.1100E+01	3.4559E-01	4.8700E-01	8.3259E-01	
2.1100E+01	3.4401E-01	5.3000E-01	8.7401E-01	
2.1200E+01	3.5365E-01	6.3900E-01	9.9265E-01	
2.1200E+01	3.7576E-01	7.0400E-01	1.0798E+00	
2.1200E+01	3.9713E-01	7.4000E-01	1.1371E+00	
2.1200E+01	4.0915E-01	7.4300E-01	1.1522E+00	
2.1200E+01	4.2256E-01	6.9700E-01	1.1196E+00	
2.1300E+01	4.3830E-01	6.6500E-01	1.1033E+00	
2.1300E+01	4.5594E-01	6.6000E-01	1.1159E+00	
2.1300E+01	4.7587E-01	6.6400E-01	1.1399E+00	
2.1300E+01	4.9769E-01	6.8300E-01	1.1807E+00	
2.1300E+01	5.2257E-01	6.7200E-01	1.1946E+00	
2.1400E+01	6.0033E-01	6.6700E-01	1.2673E+00	
2.1400E+01	6.8424E-01	6.6900E-01	1.3532E+00	
2.1400E+01	7.1929E-01	6.6700E-01	1.3863E+00	
2.1400E+01	7.1185E-01	6.9000E-01	1.4018E+00	
2.1400E+01	6.9353E-01	6.3400E-01	1.3275E+00	
2.1500E+01	6.6080E-01	5.2900E-01	1.1898E+00	
2.1500E+01	6.1324E-01	4.6700E-01	1.0802E+00	
2.1500E+01	5.5989E-01	4.2500E-01	9.8489E-01	
2.1500E+01	5.2958E-01	4.0500E-01	9.3458E-01	
2.1500E+01	4.9856E-01	3.9400E-01	8.9256E-01	
2.1600E+01	4.5653E-01	4.0000E-01	8.5653E-01	
2.1600E+01	4.0970E-01	3.7800E-01	7.8770E-01	
2.1600E+01	3.7405E-01	3.7700E-01	7.5105E-01	
2.1600E+01	3.4259E-01	3.8300E-01	7.2559E-01	
2.1600E+01	3.1178E-01	4.0400E-01	7.1578E-01	
2.1700E+01	2.8859E-01	4.3400E-01	7.2259E-01	
2.1700E+01	2.9054E-01	4.6900E-01	7.5954E-01	
2.1700E+01	2.9949E-01	5.0200E-01	8.0149E-01	
2.1700E+01	3.1413E-01	5.4400E-01	8.5813E-01	
2.1700E+01	3.2889E-01	5.9500E-01	9.2389E-01	
2.1800E+01	3.4365E-01	6.3400E-01	9.7765E-01	
2.1800E+01	3.6412E-01	6.5600E-01	1.0201E+00	
2.1800E+01	3.9117E-01	6.7300E-01	1.0642E+00	
2.1800E+01	4.2672E-01	6.8800E-01	1.1147E+00	
2.1800E+01	4.7377E-01	7.0600E-01	1.1798E+00	
2.1900E+01	5.3661E-01	7.3100E-01	1.2676E+00	
2.1900E+01	5.7991E-01	7.6700E-01	1.3469E+00	
2.1900E+01	5.9098E-01	8.0100E-01	1.3920E+00	
2.1900E+01	5.8327E-01	8.0900E-01	1.3923E+00	
2.1900E+01	5.9035E-01	7.8900E-01	1.3793E+00	
2.2000E+01	6.1604E-01	7.6400E-01	1.3800E+00	
2.2000E+01	6.5927E-01	7.2400E-01	1.3833E+00	
2.2000E+01	7.1862E-01	6.9500E-01	1.4136E+00	
2.2000E+01	7.5544E-01	5.8900E-01	1.3444E+00	
2.2000E+01	7.9368E-01	5.3500E-01	1.3287E+00	
2.2100E+01	7.7418E-01	4.9400E-01	1.2682E+00	
2.2100E+01	7.2659E-01	4.5700E-01	1.1836E+00	
2.2100E+01	6.8385E-01	4.1900E-01	1.1029E+00	
2.2100E+01	6.5005E-01	3.9200E-01	1.0421E+00	
2.2100E+01	6.0815E-01	3.8300E-01	9.9115E-01	
2.2200E+01	5.7862E-01	3.8900E-01	9.6762E-01	
2.2200E+01	5.6554E-01	4.1100E-01	9.7654E-01	
2.2200E+01	5.5839E-01	4.4800E-01	1.0064E+00	
2.2200E+01	5.6051E-01	4.9500E-01	1.0555E+00	
2.2200E+01	5.6606E-01	5.4600E-01	1.1121E+00	
2.2300E+01	5.7379E-01	6.2400E-01	1.1978E+00	
2.2300E+01	5.8347E-01	6.9700E-01	1.2805E+00	
2.2300E+01	5.9683E-01	7.1500E-01	1.3118E+00	
2.2300E+01	6.1820E-01	7.3500E-01	1.3532E+00	
2.2300E+01	6.4762E-01	7.8400E-01	1.4316E+00	
2.2400E+01	6.7277E-01	8.3900E-01	1.5118E+00	
2.2400E+01	6.9612E-01	8.8300E-01	1.5791E+00	
2.2400E+01	7.1345E-01	9.3700E-01	1.6505E+00	
2.2400E+01	7.3662E-01	9.5400E-01	1.6906E+00	
2.2400E+01	8.1134E-01	9.3800E-01	1.7493E+00	
2.2500E+01	8.1826E-01	8.8800E-01	1.7063E+00	
2.2500E+01	8.1028E-01	8.7000E-01	1.6803E+00	
2.2500E+01	7.7328E-01	8.6300E-01	1.6363E+00	
2.2500E+01	7.5942E-01	8.1300E-01	1.5724E+00	
2.2500E+01	7.5295E-01	7.7600E-01	1.5289E+00	
2.2600E+01	7.3867E-01	6.9100E-01	1.4297E+00	
2.2600E+01	7.4978E-01	6.4800E-01	1.3978E+00	
2.2600E+01	7.7231E-01	6.3000E-01	1.4023E+00	
2.2600E+01	7.7124E-01	6.2500E-01	1.3962E+00	
2.2600E+01	7.2204E-01	6.3000E-01	1.3520E+00	
2.2700E+01	6.7144E-01	6.4200E-01	1.3134E+00	
2.2700E+01	6.2599E-01	6.5600E-01	1.2820E+00	
2.2700E+01	5.8354E-01	6.9200E-01	1.2755E+00	
2.2700E+01	5.7635E-01	6.8500E-01	1.2614E+00	
2.2700E+01	6.0850E-01	6.6000E-01	1.2685E+00	
2.2800E+01	6.5869E-01	6.8900E-01	1.3477E+00	
2.2800E+01	7.0368E-01	7.3100E-01	1.4347E+00	
2.2800E+01	7.1789E-01	7.8600E-01	1.5039E+00	
2.2800E+01	7.2114E-01	8.5700E-01	1.5781E+00	
2.2800E+01	7.1190E-01	9.3000E-01	1.6419E+00	
2.2900E+01	7.1261E-01	9.7100E-01	1.6836E+00	
2.2900E+01	7.2348E-01	9.5500E-01	1.6785E+00	
2.2900E+01	7.3814E-01	8.7600E-01	1.6141E+00	
2.2900E+01	7.3495E-01	8.0200E-01	1.5370E+00	
2.2900E+01	7.2780E-01	7.6200E-01	1.4898E+00	
2.3000E+01	7.2137E-01	7.2800E-01	1.4494E+00	
2.3000E+01	7.1506E-01	7.3100E-01	1.4461E+00	
2.3000E+01	7.0916E-01	7.3900E-01	1.4482E+00	
2.3000E+01	7.0367E-01	7.7600E-01	1.4797E+00	
2.3000E+01	6.9911E-01	8.0000E-01	1.4991E+00	
2.3100E+01	6.9515E-01	7.9600E-01	1.4911E+00	
2.3100E+01	6.8737E-01	7.7000E-01	1.4574E+00	
2.3100E+01	6.7720E-01	7.6600E-01	1.4432E+00	
2.3100E+01	6.7108E-01	7.6700E-01	1.4381E+00	
2.3100E+01	6.7016E-01	7.4800E-01	1.4182E+00	
2.3200E+01	6.7716E-01	7.4200E-01	1.4192E+00	
2.3200E+01	6.9030E-01	7.5600E-01	1.4463E+00	
2.3200E+01	7.0931E-01	7.7200E-01	1.4813E+00	
2.3200E+01	7.3401E-01	7.8900E-01	1.5230E+00	
2.3200E+01	7.6406E-01	8.1100E-01	1.5751E+00	
2.3300E+01	7.9649E-01	8.4100E-01	1.6375E+00	
2.3300E+01	8.3366E-01	8.3600E-01	1.6697E+00	
2.3300E+01	8.7786E-01	8.0800E-01	1.6859E+00	
2.3300E+01	9.0071E-01	7.7500E-01	1.6757E+00	
2.3300E+01	9.0875E-01	7.6800E-01	1.6767E+00	
2.3400E+01	8.9639E-01	7.7100E-01	1.6674E+00	
2.3400E+01	8.8620E-01	7.7500E-01	1.6612E+00	
2.3400E+01	8.8431E-01	7.8000E-01	1.6643E+00	
2.3400E+01	8.8748E-01	7.8500E-01	1.6725E+00	
2.3400E+01	8.9305E-01	7.8900E-01	1.6821E+00	
2.3500E+01	9.2132E-01	7.9300E-01	1.7143E+00	
2.3500E+01	9.1643E-01	7.9400E-01	1.7104E+00	
2.3500E+01	9.0059E-01	7.9300E-01	1.6936E+00	
2.3500E+01	8.9195E-01	7.9800E-01	1.6899E+00	
2.3500E+01	8.8659E-01	8.0500E-01	1.6916E+00	
2.3600E+01	8.9095E-01	8.1400E-01	1.7050E+00	
2.3600E+01	8.9612E-01	8.2400E-01	1.7201E+00	
2.3600E+01	8.9848E-01	8.3300E-01	1.7315E+00	
2.3600E+01	8.9582E-01	8.4400E-01	1.7398E+00	
2.3600E+01	8.8802E-01	8.6100E-01	1.7490E+00	
2.3700E+01	8.7568E-01	8.9100E-01	1.7667E+00	
2.3700E+01	8.5726E-01	9.2600E-01	1.7833E+00	
2.3700E+01	8.3503E-01	9.5400E-01	1.7890E+00	
2.3700E+01	7.9693E-01	1.0000E+00	1.7969E+00	
2.3700E+01	7.6330E-01	1.0400E+00	1.8033E+00	
2.3800E+01	7.4354E-01	1.1200E+00	1.8635E+00	
2.3800E+01	7.4976E-01	1.0400E+00	1.7898E+00	
2.3800E+01	7.7676E-01	1.0300E+00	1.8068E+00	
2.3800E+01	8.2761E-01	1.0200E+00	1.8476E+00	
2.3800E+01	9.0528E-01	1.0300E+00	1.9353E+00	
2.3900E+01	9.9804E-01	1.1300E+00	2.1280E+00	
2.3900E+01	9.6050E-01	1.1100E+00	2.0705E+00	
2.3900E+01	9.0929E-01	1.0500E+00	1.9593E+00	
2.3900E+01	8.5944E-01	1.0500E+00	1.9094E+00	
2.3900E+01	8.3367E-01	1.0400E+00	1.8737E+00	
2.4000E+01	8.3978E-01	1.0100E+00	1.8498E+00	
2.4000E+01	8.3046E-01	9.8800E-01	1.8185E+00	
2.4000E+01	8.3753E-01	9.5600E-01	1.7935E+00	
2.4000E+01	8.3542E-01	9.1400E-01	1.7494E+00	
2.4000E+01	7.9916E-01	8.7800E-01	1.6772E+00	
2.4100E+01	7.4496E-01	8.5200E-01	1.5970E+00	
2.4100E+01	7.1256E-01	8.3400E-01	1.5466E+00	
2.4100E+01	6.9448E-01	8.0600E-01	1.5005E+00	
2.4100E+01	6.8926E-01	7.9800E-01	1.4873E+00	
2.4100E+01	6.8979E-01	7.9400E-01	1.4838E+00	
2.4200E+01	6.9336E-01	7.8700E-01	1.4804E+00	
2.4200E+01	7.0141E-01	8.0200E-01	1.5034E+00	
2.4200E+01	7.1275E-01	8.3800E-01	1.5508E+00	
2.4200E+01	7.2727E-01	8.7900E-01	1.6063E+00	
2.4200E+01	7.4419E-01	9.2400E-01	1.6682E+00	
2.4300E+01	7.6365E-01	9.6900E-01	1.7327E+00	
2.4300E+01	7.8385E-01	9.6200E-01	1.7459E+00	
2.4300E+01	8.0679E-01	9.1900E-01	1.7258E+00	
2.4300E+01	8.4622E-01	9.0500E-01	1.7512E+00	
2.4300E+01	8.4026E-01	8.9900E-01	1.7393E+00	
2.4400E+01	8.3104E-01	8.9700E-01	1.7280E+00	
2.4400E+01	8.1794E-01	9.0200E-01	1.7199E+00	
2.4400E+01	7.9841E-01	9.0200E-01	1.7004E+00	
2.4400E+01	7.7618E-01	9.0200E-01	1.6782E+00	
2.4400E+01	7.5915E-01	8.6500E-01	1.6242E+00	
2.4500E+01	7.5995E-01	8.3600E-01	1.5960E+00	
2.4500E+01	7.6493E-01	8.0900E-01	1.5739E+00	
2.4500E+01	7.7306E-01	7.7000E-01	1.5431E+00	
2.4500E+01	7.8616E-01	7.3700E-01	1.5232E+00	
2.4500E+01	8.2231E-01	7.3200E-01	1.5543E+00	
2.4600E+01	8.2924E-01	7.2900E-01	1.5582E+00	
2.4600E+01	8.3774E-01	7.3300E-01	1.5707E+00	
2.4600E+01	8.5376E-01	7.7100E-01	1.6248E+00	
2.4600E+01	8.5910E-01	8.2900E-01	1.6881E+00	
2.4600E+01	8.7303E-01	8.5700E-01	1.7300E+00	
2.4700E+01	8.9871E-01	8.4200E-01	1.7407E+00	
2.4700E+01	9.2026E-01	8.5000E-01	1.7703E+00	
2.4700E+01	9.2466E-01	8.7200E-01	1.7967E+00	
2.4700E+01	9.1856E-01	9.1200E-01	1.8306E+00	
2.4700E+01	9.0779E-01	9.4600E-01	1.8538E+00	
2.4800E+01	8.9376E-01	9.4700E-01	1.8408E+00	
2.4800E+01	8.7585E-01	9.4300E-01	1.8188E+00	
2.4800E+01	8.5910E-01	9.3600E-01	1.7951E+00	
2.4800E+01	8.4360E-01	9.3000E-01	1.7736E+00	
2.4800E+01	8.3405E-01	9.2300E-01	1.7570E+00	
2.4900E+01	8.3758E-01	9.1800E-01	1.7556E+00	
2.4900E+01	8.5318E-01	9.1900E-01	1.7722E+00	
2.4900E+01	9.1613E-01	9.6200E-01	1.8781E+00	
2.4900E+01	8.9925E-01	9.9000E-01	1.8892E+00	
2.4900E+01	8.8525E-01	1.0000E+00	1.8852E+00	
2.5000E+01	8.5870E-01	1.0200E+00	1.8787E+00	
2.5000E+01	8.2886E-01	1.0400E+00	1.8689E+00	
2.5000E+01	8.0213E-01	1.0700E+00	1.8721E+00	
2.5000E+01	7.8179E-01	1.0800E+00	1.8618E+00	
2.5000E+01	7.7710E-01	1.0900E+00	1.8671E+00	
2.5100E+01	7.8748E-01	1.0900E+00	1.8775E+00	
2.5100E+01	8.1043E-01	1.0700E+00	1.8804E+00	
2.5100E+01	8.3501E-01	1.0500E+00	1.8850E+00	
2.5100E+01	8.4283E-01	1.0200E+00	1.8628E+00	
2.5100E+01	8.3178E-01	9.8500E-01	1.8168E+00	
2.5200E+01	8.2749E-01	9.4700E-01	1.7745E+00	
2.5200E+01	8.2691E-01	9.1000E-01	1.7369E+00	
2.5200E+01	8.2645E-01	8.9200E-01	1.7184E+00	
2.5200E+01	8.2852E-01	8.8400E-01	1.7125E+00	
2.5200E+01	8.3464E-01	9.0100E-01	1.7356E+00	
2.5300E+01	8.4722E-01	9.0600E-01	1.7532E+00	
2.5300E+01	8.9336E-01	1.0100E+00	1.9034E+00	
2.5300E+01	9.2752E-01	9.2000E-01	1.8475E+00	