#  E (eV)	   dosup(E) 	     dosdw(E)	   Int dos(E)	 EFermi =   15.122 eV
5.1200E+00	5.4910E-01	5.3543E-01	1.0845E+00	
5.1400E+00	5.7285E-01	5.5399E-01	1.1268E+00	
5.1600E+00	5.8720E-01	5.8139E-01	1.1686E+00	
5.1800E+00	5.9282E-01	5.9184E-01	1.1847E+00	
5.2000E+00	6.0201E-01	6.0104E-01	1.2031E+00	
5.2200E+00	6.1298E-01	6.1228E-01	1.2253E+00	
5.2400E+00	6.2494E-01	6.2441E-01	1.2494E+00	
5.2600E+00	6.3573E-01	6.3695E-01	1.2727E+00	
5.2800E+00	6.4329E-01	6.4417E-01	1.2875E+00	
5.3000E+00	6.5167E-01	6.5184E-01	1.3035E+00	
5.3200E+00	6.5938E-01	6.5838E-01	1.3178E+00	
5.3400E+00	6.6694E-01	6.6568E-01	1.3326E+00	
5.3600E+00	6.7391E-01	6.7410E-01	1.3480E+00	
5.3800E+00	6.8206E-01	6.8297E-01	1.3650E+00	
5.4000E+00	6.9087E-01	6.9230E-01	1.3832E+00	
5.4200E+00	6.9954E-01	7.0169E-01	1.4012E+00	
5.4400E+00	7.0708E-01	7.0966E-01	1.4167E+00	
5.4600E+00	7.1527E-01	7.1786E-01	1.4331E+00	
5.4800E+00	7.2360E-01	7.2629E-01	1.4499E+00	
5.5000E+00	7.3207E-01	7.3512E-01	1.4672E+00	
5.5200E+00	7.4078E-01	7.4448E-01	1.4853E+00	
5.5400E+00	7.4969E-01	7.5416E-01	1.5039E+00	
5.5600E+00	7.5879E-01	7.6555E-01	1.5243E+00	
5.5800E+00	7.6912E-01	7.8011E-01	1.5492E+00	
5.6000E+00	7.8065E-01	7.9950E-01	1.5802E+00	
5.6200E+00	7.9579E-01	8.2487E-01	1.6207E+00	
5.6400E+00	8.1646E-01	8.5288E-01	1.6693E+00	
5.6600E+00	8.4300E-01	8.7351E-01	1.7165E+00	
5.6800E+00	8.6248E-01	8.9314E-01	1.7556E+00	
5.7000E+00	8.7895E-01	9.1171E-01	1.7907E+00	
5.7200E+00	8.9565E-01	9.1744E-01	1.8131E+00	
5.7400E+00	9.1200E-01	9.2004E-01	1.8320E+00	
5.7600E+00	9.0664E-01	9.4598E-01	1.8526E+00	
5.7800E+00	9.2655E-01	9.9633E-01	1.9229E+00	
5.8000E+00	9.7733E-01	1.0148E+00	1.9921E+00	
5.8200E+00	1.0149E+00	9.9001E-01	2.0049E+00	
5.8400E+00	1.0016E+00	9.1077E-01	1.9124E+00	
5.8600E+00	9.2551E-01	8.8943E-01	1.8149E+00	
5.8800E+00	9.0284E-01	8.7331E-01	1.7762E+00	
5.9000E+00	8.8916E-01	7.5043E-01	1.6396E+00	
5.9200E+00	8.2317E-01	7.5309E-01	1.5763E+00	
5.9400E+00	7.5831E-01	7.5997E-01	1.5183E+00	
5.9600E+00	7.6311E-01	8.0613E-01	1.5692E+00	
5.9800E+00	8.0114E-01	8.3674E-01	1.6379E+00	
6.0000E+00	8.3787E-01	8.4678E-01	1.6847E+00	
6.0200E+00	8.5636E-01	8.5493E-01	1.7113E+00	
6.0400E+00	8.5599E-01	9.0063E-01	1.7566E+00	
6.0600E+00	9.1821E-01	9.5391E-01	1.8721E+00	
6.0800E+00	9.2326E-01	1.0106E+00	1.9339E+00	
6.1000E+00	1.0017E+00	1.0156E+00	2.0173E+00	
6.1200E+00	1.0127E+00	9.8674E-01	1.9994E+00	
6.1400E+00	1.0074E+00	1.0351E+00	2.0425E+00	
6.1600E+00	1.0317E+00	1.0523E+00	2.0840E+00	
6.1800E+00	1.0641E+00	1.0144E+00	2.0785E+00	
6.2000E+00	1.0174E+00	9.9157E-01	2.0090E+00	
6.2200E+00	1.0035E+00	9.8335E-01	1.9869E+00	
6.2400E+00	9.8859E-01	9.7095E-01	1.9595E+00	
6.2600E+00	9.6310E-01	1.0139E+00	1.9770E+00	
6.2800E+00	9.6759E-01	1.0056E+00	1.9732E+00	
6.3000E+00	1.0190E+00	9.9852E-01	2.0175E+00	
6.3200E+00	1.0001E+00	1.0291E+00	2.0292E+00	
6.3400E+00	1.0113E+00	1.0689E+00	2.0802E+00	
6.3600E+00	1.0451E+00	1.0450E+00	2.0901E+00	
6.3800E+00	1.0975E+00	1.0767E+00	2.1742E+00	
6.4000E+00	1.0774E+00	1.1971E+00	2.2745E+00	
6.4200E+00	1.1967E+00	1.1810E+00	2.3777E+00	
6.4400E+00	1.1794E+00	1.1910E+00	2.3704E+00	
6.4600E+00	1.1793E+00	1.1498E+00	2.3291E+00	
6.4800E+00	1.1227E+00	1.1258E+00	2.2485E+00	
6.5000E+00	1.1073E+00	1.1037E+00	2.2110E+00	
6.5200E+00	1.1204E+00	1.1640E+00	2.2844E+00	
6.5400E+00	1.1810E+00	1.2608E+00	2.4418E+00	
6.5600E+00	1.2171E+00	1.3464E+00	2.5635E+00	
6.5800E+00	1.2988E+00	1.3622E+00	2.6610E+00	
6.6000E+00	1.3811E+00	1.3806E+00	2.7617E+00	
6.6200E+00	1.3721E+00	1.4385E+00	2.8106E+00	
6.6400E+00	1.4651E+00	1.5021E+00	2.9672E+00	
6.6600E+00	1.5409E+00	1.5194E+00	3.0603E+00	
6.6800E+00	1.5572E+00	1.5520E+00	3.1092E+00	
6.7000E+00	1.6128E+00	1.5137E+00	3.1265E+00	
6.7200E+00	1.5767E+00	1.5162E+00	3.0929E+00	
6.7400E+00	1.5727E+00	1.4917E+00	3.0644E+00	
6.7600E+00	1.5501E+00	1.4663E+00	3.0164E+00	
6.7800E+00	1.5253E+00	1.4309E+00	2.9562E+00	
6.8000E+00	1.4786E+00	1.4322E+00	2.9108E+00	
6.8200E+00	1.5067E+00	1.4177E+00	2.9244E+00	
6.8400E+00	1.5066E+00	1.4012E+00	2.9078E+00	
6.8600E+00	1.4872E+00	1.4084E+00	2.8956E+00	
6.8800E+00	1.5098E+00	1.4685E+00	2.9783E+00	
6.9000E+00	1.6102E+00	1.5601E+00	3.1703E+00	
6.9200E+00	1.6712E+00	1.5952E+00	3.2664E+00	
6.9400E+00	1.6542E+00	1.5791E+00	3.2333E+00	
6.9600E+00	1.6766E+00	1.6248E+00	3.3014E+00	
6.9800E+00	1.6875E+00	1.6486E+00	3.3361E+00	
7.0000E+00	1.7082E+00	1.5471E+00	3.2553E+00	
7.0200E+00	1.5683E+00	1.3901E+00	2.9584E+00	
7.0400E+00	1.4738E+00	1.3283E+00	2.8021E+00	
7.0600E+00	1.4625E+00	1.3387E+00	2.8012E+00	
7.0800E+00	1.5369E+00	1.4014E+00	2.9383E+00	
7.1000E+00	1.6367E+00	1.4774E+00	3.1141E+00	
7.1200E+00	1.7187E+00	1.5236E+00	3.2423E+00	
7.1400E+00	1.7930E+00	1.6977E+00	3.4907E+00	
7.1600E+00	2.1331E+00	1.7100E+00	3.8431E+00	
7.1800E+00	2.3124E+00	1.6364E+00	3.9488E+00	
7.2000E+00	1.9734E+00	1.6378E+00	3.6112E+00	
7.2200E+00	1.8269E+00	1.7859E+00	3.6128E+00	
7.2400E+00	1.5863E+00	1.5287E+00	3.1150E+00	
7.2600E+00	1.4124E+00	1.4079E+00	2.8203E+00	
7.2800E+00	1.3949E+00	1.2687E+00	2.6636E+00	
7.3000E+00	1.3027E+00	1.2317E+00	2.5344E+00	
7.3200E+00	1.2954E+00	1.1817E+00	2.4771E+00	
7.3400E+00	1.2652E+00	1.1225E+00	2.3877E+00	
7.3600E+00	1.2314E+00	1.1108E+00	2.3422E+00	
7.3800E+00	1.2293E+00	1.0907E+00	2.3200E+00	
7.4000E+00	1.2081E+00	1.0632E+00	2.2713E+00	
7.4200E+00	1.1989E+00	1.0463E+00	2.2452E+00	
7.4400E+00	1.1980E+00	1.0417E+00	2.2397E+00	
7.4600E+00	1.1832E+00	1.0336E+00	2.2168E+00	
7.4800E+00	1.1657E+00	1.0208E+00	2.1865E+00	
7.5000E+00	1.1692E+00	1.0128E+00	2.1820E+00	
7.5200E+00	1.1613E+00	1.0157E+00	2.1770E+00	
7.5400E+00	1.1766E+00	1.0163E+00	2.1929E+00	
7.5600E+00	1.1757E+00	1.0121E+00	2.1878E+00	
7.5800E+00	1.1552E+00	1.0099E+00	2.1651E+00	
7.6000E+00	1.1543E+00	1.0166E+00	2.1709E+00	
7.6200E+00	1.1489E+00	1.0200E+00	2.1689E+00	
7.6400E+00	1.1345E+00	1.0213E+00	2.1558E+00	
7.6600E+00	1.0973E+00	1.0243E+00	2.1216E+00	
7.6800E+00	1.0316E+00	1.0340E+00	2.0656E+00	
7.7000E+00	7.6616E-01	1.0438E+00	1.8100E+00	
7.7200E+00	8.3435E-01	1.0502E+00	1.8846E+00	
7.7400E+00	9.1579E-01	1.0851E+00	2.0009E+00	
7.7600E+00	1.0044E+00	1.1314E+00	2.1358E+00	
7.7800E+00	1.0731E+00	1.1953E+00	2.2684E+00	
7.8000E+00	1.2108E+00	1.2523E+00	2.4631E+00	
7.8200E+00	1.2756E+00	1.2777E+00	2.5533E+00	
7.8400E+00	1.1486E+00	1.2998E+00	2.4484E+00	
7.8600E+00	9.7834E-01	1.3366E+00	2.3149E+00	
7.8800E+00	8.8919E-01	1.2817E+00	2.1709E+00	
7.9000E+00	8.3258E-01	1.1444E+00	1.9770E+00	
7.9200E+00	7.8683E-01	9.6979E-01	1.7566E+00	
7.9400E+00	7.4241E-01	7.9381E-01	1.5362E+00	
7.9600E+00	7.0141E-01	7.4060E-01	1.4420E+00	
7.9800E+00	6.6772E-01	7.0433E-01	1.3721E+00	
8.0000E+00	6.3617E-01	6.7158E-01	1.3078E+00	
8.0200E+00	6.0425E-01	6.3843E-01	1.2427E+00	
8.0400E+00	5.6939E-01	6.1038E-01	1.1798E+00	
8.0600E+00	5.4287E-01	5.8721E-01	1.1301E+00	
8.0800E+00	5.2290E-01	5.6488E-01	1.0878E+00	
8.1000E+00	5.0296E-01	5.4352E-01	1.0465E+00	
8.1300E+00	4.8288E-01	5.2184E-01	1.0047E+00	
8.1500E+00	4.6253E-01	4.9805E-01	9.6058E-01	
8.1700E+00	4.4171E-01	4.8037E-01	9.2208E-01	
8.1900E+00	4.1683E-01	4.6506E-01	8.8189E-01	
8.2100E+00	3.8881E-01	4.4979E-01	8.3860E-01	
8.2300E+00	3.7915E-01	4.3447E-01	8.1362E-01	
8.2500E+00	3.7095E-01	4.1831E-01	7.8926E-01	
8.2700E+00	3.6276E-01	4.0098E-01	7.6374E-01	
8.2900E+00	3.5457E-01	3.8129E-01	7.3586E-01	
8.3100E+00	3.4639E-01	3.6324E-01	7.0963E-01	
8.3300E+00	3.3822E-01	3.5167E-01	6.8989E-01	
8.3500E+00	3.3005E-01	3.4449E-01	6.7454E-01	
8.3700E+00	3.2210E-01	3.3731E-01	6.5941E-01	
8.3900E+00	3.1450E-01	3.3013E-01	6.4463E-01	
8.4100E+00	3.0725E-01	3.2295E-01	6.3020E-01	
8.4300E+00	3.0036E-01	3.1577E-01	6.1613E-01	
8.4500E+00	2.9352E-01	3.0863E-01	6.0215E-01	
8.4700E+00	2.8667E-01	3.0155E-01	5.8822E-01	
8.4900E+00	2.8024E-01	2.9454E-01	5.7478E-01	
8.5100E+00	2.7549E-01	2.8762E-01	5.6311E-01	
8.5300E+00	2.7113E-01	2.8079E-01	5.5192E-01	
8.5500E+00	2.6595E-01	2.7395E-01	5.3990E-01	
8.5700E+00	2.6128E-01	2.6710E-01	5.2838E-01	
8.5900E+00	2.5734E-01	2.6022E-01	5.1756E-01	
8.6100E+00	2.5342E-01	2.5326E-01	5.0668E-01	
8.6300E+00	2.4949E-01	2.4711E-01	4.9660E-01	
8.6500E+00	2.4557E-01	2.4178E-01	4.8735E-01	
8.6700E+00	2.4165E-01	2.3790E-01	4.7955E-01	
8.6900E+00	2.3773E-01	2.3441E-01	4.7214E-01	
8.7100E+00	2.3399E-01	2.3091E-01	4.6490E-01	
8.7300E+00	2.3068E-01	2.2742E-01	4.5810E-01	
8.7500E+00	2.2764E-01	2.2393E-01	4.5157E-01	
8.7700E+00	2.2482E-01	2.2044E-01	4.4526E-01	
8.7900E+00	2.2218E-01	2.1695E-01	4.3913E-01	
8.8100E+00	2.1954E-01	2.1346E-01	4.3300E-01	
8.8300E+00	2.1818E-01	2.0998E-01	4.2816E-01	
8.8500E+00	2.1798E-01	2.0652E-01	4.2450E-01	
8.8700E+00	2.1587E-01	2.0326E-01	4.1913E-01	
8.8900E+00	2.1348E-01	2.0018E-01	4.1366E-01	
8.9100E+00	2.4166E-01	1.9715E-01	4.3881E-01	
8.9300E+00	3.5541E-01	1.9416E-01	5.4957E-01	
8.9500E+00	5.1493E-01	1.9119E-01	7.0612E-01	
8.9700E+00	5.6892E-01	1.8817E-01	7.5709E-01	
8.9900E+00	6.4731E-01	1.8595E-01	8.3326E-01	
9.0100E+00	6.9363E-01	1.8333E-01	8.7696E-01	
9.0300E+00	7.3223E-01	1.8060E-01	9.1283E-01	
9.0500E+00	7.3806E-01	1.7795E-01	9.1601E-01	
9.0700E+00	7.4916E-01	1.9754E-01	9.4670E-01	
9.0900E+00	7.7649E-01	2.8790E-01	1.0644E+00	
9.1100E+00	8.0517E-01	4.2621E-01	1.2314E+00	
9.1300E+00	8.3709E-01	4.5968E-01	1.2968E+00	
9.1500E+00	8.5607E-01	5.3873E-01	1.3948E+00	
9.1700E+00	8.7374E-01	6.1101E-01	1.4848E+00	
9.1900E+00	8.9695E-01	6.5743E-01	1.5544E+00	
9.2100E+00	9.2315E-01	6.8184E-01	1.6050E+00	
9.2300E+00	9.5793E-01	6.8756E-01	1.6455E+00	
9.2500E+00	1.0146E+00	6.8394E-01	1.6985E+00	
9.2700E+00	1.0953E+00	7.0587E-01	1.8012E+00	
9.2900E+00	1.1491E+00	7.3016E-01	1.8793E+00	
9.3100E+00	1.1248E+00	7.5585E-01	1.8807E+00	
9.3300E+00	1.1033E+00	7.7786E-01	1.8812E+00	
9.3500E+00	1.2152E+00	7.8984E-01	2.0050E+00	
9.3700E+00	1.1299E+00	8.0685E-01	1.9368E+00	
9.3900E+00	1.1238E+00	8.2737E-01	1.9512E+00	
9.4100E+00	1.1146E+00	8.5426E-01	1.9689E+00	
9.4300E+00	1.1252E+00	8.8446E-01	2.0097E+00	
9.4500E+00	1.1604E+00	9.2650E-01	2.0869E+00	
9.4700E+00	1.2448E+00	9.8976E-01	2.2346E+00	
9.4900E+00	1.3396E+00	1.0128E+00	2.3524E+00	
9.5100E+00	1.4600E+00	1.0149E+00	2.4749E+00	
9.5300E+00	1.4821E+00	1.0158E+00	2.4979E+00	
9.5500E+00	1.5087E+00	1.0484E+00	2.5571E+00	
9.5700E+00	1.3387E+00	1.0850E+00	2.4237E+00	
9.5900E+00	1.2315E+00	1.0937E+00	2.3252E+00	
9.6100E+00	1.1936E+00	1.0755E+00	2.2691E+00	
9.6300E+00	1.0799E+00	1.0881E+00	2.1680E+00	
9.6500E+00	1.1009E+00	1.0820E+00	2.1829E+00	
9.6700E+00	1.1256E+00	1.0632E+00	2.1888E+00	
9.6900E+00	1.1375E+00	1.0954E+00	2.2329E+00	
9.7100E+00	1.1389E+00	1.1353E+00	2.2742E+00	
9.7300E+00	1.1407E+00	1.1149E+00	2.2556E+00	
9.7500E+00	1.1764E+00	1.1964E+00	2.3728E+00	
9.7700E+00	1.2498E+00	1.1149E+00	2.3647E+00	
9.7900E+00	1.2942E+00	1.0098E+00	2.3040E+00	
9.8100E+00	1.2587E+00	9.4339E-01	2.2021E+00	
9.8300E+00	1.2476E+00	9.4516E-01	2.1928E+00	
9.8500E+00	1.2633E+00	8.1146E-01	2.0748E+00	
9.8700E+00	1.2815E+00	8.0969E-01	2.0912E+00	
9.8900E+00	1.3694E+00	8.6072E-01	2.2301E+00	
9.9100E+00	1.5147E+00	9.0681E-01	2.4215E+00	
9.9300E+00	1.6201E+00	9.1378E-01	2.5339E+00	
9.9500E+00	1.7273E+00	9.2042E-01	2.6477E+00	
9.9700E+00	1.8455E+00	9.3905E-01	2.7846E+00	
9.9900E+00	1.9987E+00	9.5827E-01	2.9570E+00	
1.0000E+01	2.1850E+00	9.7359E-01	3.1586E+00	
1.0000E+01	2.2832E+00	9.9196E-01	3.2752E+00	
1.0000E+01	2.2518E+00	1.0089E+00	3.2607E+00	
1.0100E+01	2.1742E+00	1.0345E+00	3.2087E+00	
1.0100E+01	2.1722E+00	1.0879E+00	3.2601E+00	
1.0100E+01	2.2093E+00	1.1752E+00	3.3845E+00	
1.0100E+01	2.2521E+00	1.2614E+00	3.5135E+00	
1.0100E+01	2.3052E+00	1.3239E+00	3.6291E+00	
1.0200E+01	2.3895E+00	1.3953E+00	3.7848E+00	
1.0200E+01	2.5243E+00	1.5028E+00	4.0271E+00	
1.0200E+01	2.6591E+00	1.6450E+00	4.3041E+00	
1.0200E+01	2.5825E+00	1.8368E+00	4.4193E+00	
1.0200E+01	2.7919E+00	1.9192E+00	4.7111E+00	
1.0300E+01	3.0005E+00	1.9101E+00	4.9106E+00	
1.0300E+01	2.6293E+00	1.9013E+00	4.5306E+00	
1.0300E+01	2.2244E+00	1.8889E+00	4.1133E+00	
1.0300E+01	2.1410E+00	1.8705E+00	4.0115E+00	
1.0300E+01	2.2323E+00	1.8389E+00	4.0712E+00	
1.0400E+01	2.3589E+00	1.8176E+00	4.1765E+00	
1.0400E+01	2.4147E+00	1.8026E+00	4.2173E+00	
1.0400E+01	2.2190E+00	1.7334E+00	3.9524E+00	
1.0400E+01	2.2395E+00	1.7517E+00	3.9912E+00	
1.0400E+01	2.2107E+00	1.7810E+00	3.9917E+00	
1.0500E+01	2.3509E+00	1.7939E+00	4.1448E+00	
1.0500E+01	2.2463E+00	1.8894E+00	4.1357E+00	
1.0500E+01	2.3780E+00	1.9740E+00	4.3520E+00	
1.0500E+01	2.1959E+00	1.9904E+00	4.1863E+00	
1.0500E+01	2.2317E+00	1.9699E+00	4.2016E+00	
1.0600E+01	2.1182E+00	1.8743E+00	3.9925E+00	
1.0600E+01	2.0758E+00	1.8421E+00	3.9179E+00	
1.0600E+01	2.1434E+00	1.8310E+00	3.9744E+00	
1.0600E+01	2.2554E+00	1.7960E+00	4.0514E+00	
1.0600E+01	2.5123E+00	1.8322E+00	4.3445E+00	
1.0700E+01	2.8824E+00	1.9139E+00	4.7963E+00	
1.0700E+01	3.1478E+00	1.9253E+00	5.0731E+00	
1.0700E+01	3.1498E+00	1.9993E+00	5.1491E+00	
1.0700E+01	3.2161E+00	2.1682E+00	5.3843E+00	
1.0700E+01	3.2304E+00	2.0598E+00	5.2902E+00	
1.0800E+01	3.8222E+00	2.2401E+00	6.0623E+00	
1.0800E+01	5.5043E+00	2.1936E+00	7.6979E+00	
1.0800E+01	5.2974E+00	1.9525E+00	7.2499E+00	
1.0800E+01	4.7726E+00	1.8175E+00	6.5901E+00	
1.0800E+01	4.5102E+00	1.7406E+00	6.2508E+00	
1.0900E+01	4.1068E+00	1.6488E+00	5.7556E+00	
1.0900E+01	3.7399E+00	1.6519E+00	5.3918E+00	
1.0900E+01	3.3533E+00	1.6907E+00	5.0440E+00	
1.0900E+01	2.9549E+00	1.6537E+00	4.6086E+00	
1.0900E+01	3.0851E+00	1.5815E+00	4.6666E+00	
1.1000E+01	2.9391E+00	1.4234E+00	4.3625E+00	
1.1000E+01	3.2780E+00	1.4341E+00	4.7121E+00	
1.1000E+01	3.6033E+00	1.5491E+00	5.1524E+00	
1.1000E+01	3.5344E+00	1.6566E+00	5.1910E+00	
1.1000E+01	3.7608E+00	1.6774E+00	5.4382E+00	
1.1100E+01	3.9752E+00	1.7039E+00	5.6791E+00	
1.1100E+01	4.1384E+00	1.6638E+00	5.8022E+00	
1.1100E+01	4.4298E+00	1.6421E+00	6.0719E+00	
1.1100E+01	4.8538E+00	1.5633E+00	6.4171E+00	
1.1100E+01	4.6854E+00	1.6034E+00	6.2888E+00	
1.1200E+01	4.1600E+00	1.4991E+00	5.6591E+00	
1.1200E+01	4.4410E+00	1.5675E+00	6.0085E+00	
1.1200E+01	3.9746E+00	1.6272E+00	5.6018E+00	
1.1200E+01	4.3094E+00	1.6433E+00	5.9527E+00	
1.1200E+01	5.0254E+00	1.6377E+00	6.6631E+00	
1.1300E+01	6.8177E+00	1.6597E+00	8.4774E+00	
1.1300E+01	6.6974E+00	1.7579E+00	8.4553E+00	
1.1300E+01	6.3218E+00	1.9136E+00	8.2354E+00	
1.1300E+01	6.2993E+00	2.0254E+00	8.3247E+00	
1.1300E+01	6.1155E+00	2.0421E+00	8.1576E+00	
1.1400E+01	6.4088E+00	2.2015E+00	8.6103E+00	
1.1400E+01	6.8444E+00	2.3232E+00	9.1676E+00	
1.1400E+01	7.7951E+00	2.5722E+00	1.0367E+01	
1.1400E+01	8.0917E+00	2.4984E+00	1.0590E+01	
1.1400E+01	9.2082E+00	2.6894E+00	1.1898E+01	
1.1500E+01	6.8317E+00	2.6789E+00	9.5106E+00	
1.1500E+01	6.9420E+00	2.5494E+00	9.4914E+00	
1.1500E+01	7.4319E+00	2.1901E+00	9.6220E+00	
1.1500E+01	8.2364E+00	2.0952E+00	1.0332E+01	
1.1500E+01	7.1369E+00	1.9839E+00	9.1208E+00	
1.1600E+01	5.9970E+00	2.0137E+00	8.0107E+00	
1.1600E+01	5.1547E+00	2.1220E+00	7.2767E+00	
1.1600E+01	4.5597E+00	2.2511E+00	6.8108E+00	
1.1600E+01	4.4878E+00	2.0253E+00	6.5131E+00	
1.1600E+01	4.5036E+00	2.0098E+00	6.5134E+00	
1.1700E+01	4.9848E+00	1.8186E+00	6.8034E+00	
1.1700E+01	5.3870E+00	2.0615E+00	7.4485E+00	
1.1700E+01	5.5180E+00	2.3792E+00	7.8972E+00	
1.1700E+01	5.8415E+00	2.4999E+00	8.3414E+00	
1.1700E+01	6.7117E+00	2.3258E+00	9.0375E+00	
1.1800E+01	7.0655E+00	2.2625E+00	9.3280E+00	
1.1800E+01	7.0462E+00	2.1029E+00	9.1491E+00	
1.1800E+01	7.6685E+00	1.9325E+00	9.6010E+00	
1.1800E+01	7.0647E+00	1.8580E+00	8.9227E+00	
1.1800E+01	6.6530E+00	1.9408E+00	8.5938E+00	
1.1900E+01	4.6665E+00	1.9160E+00	6.5825E+00	
1.1900E+01	4.3017E+00	2.1918E+00	6.4935E+00	
1.1900E+01	4.7076E+00	2.3669E+00	7.0745E+00	
1.1900E+01	4.9463E+00	2.6463E+00	7.5926E+00	
1.1900E+01	5.4594E+00	2.6758E+00	8.1352E+00	
1.2000E+01	5.1891E+00	2.7490E+00	7.9381E+00	
1.2000E+01	5.6673E+00	2.7205E+00	8.3878E+00	
1.2000E+01	8.3534E+00	3.1711E+00	1.1525E+01	
1.2000E+01	7.8483E+00	3.2796E+00	1.1128E+01	
1.2000E+01	1.0638E+01	3.2323E+00	1.3870E+01	
1.2100E+01	9.1601E+00	3.5851E+00	1.2745E+01	
1.2100E+01	7.7243E+00	2.7847E+00	1.0509E+01	
1.2100E+01	7.4114E+00	2.3701E+00	9.7815E+00	
1.2100E+01	6.9360E+00	2.1970E+00	9.1330E+00	
1.2100E+01	7.5903E+00	2.0819E+00	9.6722E+00	
1.2200E+01	1.0685E+01	2.1753E+00	1.2860E+01	
1.2200E+01	1.1519E+01	2.1080E+00	1.3627E+01	
1.2200E+01	6.7625E+00	1.9228E+00	8.6853E+00	
1.2200E+01	1.0472E+01	2.1509E+00	1.2623E+01	
1.2200E+01	6.5135E+00	2.2558E+00	8.7693E+00	
1.2300E+01	7.2835E+00	1.9572E+00	9.2407E+00	
1.2300E+01	1.1467E+01	2.0471E+00	1.3514E+01	
1.2300E+01	1.6385E+01	2.6060E+00	1.8991E+01	
1.2300E+01	7.9756E+00	3.6916E+00	1.1667E+01	
1.2300E+01	7.6506E+00	3.1028E+00	1.0753E+01	
1.2400E+01	7.5279E+00	2.4650E+00	9.9929E+00	
1.2400E+01	6.9369E+00	2.4491E+00	9.3860E+00	
1.2400E+01	6.1475E+00	2.6988E+00	8.8463E+00	
1.2400E+01	8.2538E+00	2.6650E+00	1.0919E+01	
1.2400E+01	8.6487E+00	3.2940E+00	1.1943E+01	
1.2500E+01	8.9028E+00	4.0076E+00	1.2910E+01	
1.2500E+01	9.8201E+00	3.8663E+00	1.3686E+01	
1.2500E+01	9.3688E+00	3.7402E+00	1.3109E+01	
1.2500E+01	9.5012E+00	3.8533E+00	1.3355E+01	
1.2500E+01	9.8860E+00	3.7468E+00	1.3633E+01	
1.2600E+01	1.1407E+01	3.8272E+00	1.5234E+01	
1.2600E+01	1.2563E+01	5.0517E+00	1.7615E+01	
1.2600E+01	1.1618E+01	4.9182E+00	1.6536E+01	
1.2600E+01	1.1630E+01	5.4505E+00	1.7081E+01	
1.2600E+01	1.3135E+01	4.9537E+00	1.8089E+01	
1.2700E+01	1.1537E+01	7.3695E+00	1.8907E+01	
1.2700E+01	1.0099E+01	3.9368E+00	1.4036E+01	
1.2700E+01	1.4617E+01	8.6862E+00	2.3303E+01	
1.2700E+01	1.1234E+01	7.2261E+00	1.8460E+01	
1.2700E+01	9.5143E+00	8.4425E+00	1.7957E+01	
1.2800E+01	9.7788E+00	8.2240E+00	1.8003E+01	
1.2800E+01	9.4331E+00	8.4419E+00	1.7875E+01	
1.2800E+01	9.9496E+00	8.0186E+00	1.7968E+01	
1.2800E+01	9.7948E+00	6.1484E+00	1.5943E+01	
1.2800E+01	1.5360E+01	4.2224E+00	1.9582E+01	
1.2900E+01	1.2691E+01	4.5692E+00	1.7260E+01	
1.2900E+01	1.0736E+01	5.1148E+00	1.5851E+01	
1.2900E+01	9.1298E+00	4.7524E+00	1.3882E+01	
1.2900E+01	1.3483E+01	5.7240E+00	1.9207E+01	
1.2900E+01	1.4789E+01	6.8417E+00	2.1631E+01	
1.3000E+01	1.5754E+01	6.3275E+00	2.2082E+01	
1.3000E+01	8.3552E+00	6.2620E+00	1.4617E+01	
1.3000E+01	7.8099E+00	8.9419E+00	1.6752E+01	
1.3000E+01	8.2794E+00	8.8218E+00	1.7101E+01	
1.3000E+01	9.3048E+00	6.8094E+00	1.6114E+01	
1.3100E+01	1.2025E+01	5.5030E+00	1.7528E+01	
1.3100E+01	1.2758E+01	4.3618E+00	1.7120E+01	
1.3100E+01	1.6254E+01	3.7590E+00	2.0013E+01	
1.3100E+01	1.0240E+01	3.6256E+00	1.3866E+01	
1.3200E+01	6.5115E+00	3.3234E+00	9.8349E+00	
1.3200E+01	5.2740E+00	3.2419E+00	8.5159E+00	
1.3200E+01	3.8706E+00	3.5118E+00	7.3824E+00	
1.3200E+01	4.4372E+00	3.7990E+00	8.2362E+00	
1.3200E+01	5.1541E+00	4.0873E+00	9.2414E+00	
1.3300E+01	4.5691E+00	3.2676E+00	7.8367E+00	
1.3300E+01	5.3705E+00	2.6646E+00	8.0351E+00	
1.3300E+01	6.5743E+00	2.7032E+00	9.2775E+00	
1.3300E+01	9.3268E+00	3.1497E+00	1.2477E+01	
1.3300E+01	1.2182E+01	3.8409E+00	1.6023E+01	
1.3400E+01	1.1015E+01	4.9010E+00	1.5916E+01	
1.3400E+01	1.3294E+01	4.7698E+00	1.8064E+01	
1.3400E+01	1.3177E+01	5.0315E+00	1.8209E+01	
1.3400E+01	1.1256E+01	5.1049E+00	1.6361E+01	
1.3400E+01	8.6828E+00	4.6717E+00	1.3355E+01	
1.3500E+01	1.0219E+01	5.0576E+00	1.5277E+01	
1.3500E+01	1.4201E+01	5.5264E+00	1.9727E+01	
1.3500E+01	1.6456E+01	8.7962E+00	2.5252E+01	
1.3500E+01	1.2908E+01	9.2071E+00	2.2115E+01	
1.3500E+01	9.8244E+00	4.4894E+00	1.4314E+01	
1.3600E+01	1.2410E+01	5.0312E+00	1.7441E+01	
1.3600E+01	1.3879E+01	4.0174E+00	1.7896E+01	
1.3600E+01	8.2690E+00	4.6784E+00	1.2947E+01	
1.3600E+01	9.5065E+00	4.9977E+00	1.4504E+01	
1.3600E+01	2.1476E+01	1.1889E+01	3.3365E+01	
1.3700E+01	1.3874E+01	9.8378E+00	2.3712E+01	
1.3700E+01	1.4969E+01	1.0923E+01	2.5892E+01	
1.3700E+01	1.6407E+01	1.0026E+01	2.6433E+01	
1.3700E+01	1.2264E+01	9.5453E+00	2.1809E+01	
1.3700E+01	1.2555E+01	8.2601E+00	2.0815E+01	
1.3800E+01	1.2926E+01	7.9093E+00	2.0835E+01	
1.3800E+01	1.2939E+01	7.0454E+00	1.9984E+01	
1.3800E+01	1.2337E+01	6.7384E+00	1.9075E+01	
1.3800E+01	1.0200E+01	7.0440E+00	1.7244E+01	
1.3800E+01	9.9545E+00	6.4091E+00	1.6364E+01	
1.3900E+01	7.9503E+00	6.1728E+00	1.4123E+01	
1.3900E+01	6.3920E+00	5.9820E+00	1.2374E+01	
1.3900E+01	6.2472E+00	6.0317E+00	1.2279E+01	
1.3900E+01	6.1325E+00	6.5397E+00	1.2672E+01	
1.3900E+01	5.2634E+00	5.7713E+00	1.1035E+01	
1.4000E+01	3.6722E+00	5.7391E+00	9.4113E+00	
1.4000E+01	4.5452E+00	7.6876E+00	1.2233E+01	
1.4000E+01	4.2083E+00	7.0594E+00	1.1268E+01	
1.4000E+01	5.0962E+00	7.5887E+00	1.2685E+01	
1.4000E+01	5.4012E+00	5.9339E+00	1.1335E+01	
1.4100E+01	7.0945E+00	5.2384E+00	1.2333E+01	
1.4100E+01	8.4672E+00	5.6588E+00	1.4126E+01	
1.4100E+01	7.9478E+00	5.8320E+00	1.3780E+01	
1.4100E+01	7.8451E+00	6.3429E+00	1.4188E+01	
1.4100E+01	8.4279E+00	6.1754E+00	1.4603E+01	
1.4200E+01	8.0075E+00	6.3214E+00	1.4329E+01	
1.4200E+01	5.7074E+00	8.2508E+00	1.3958E+01	
1.4200E+01	5.4934E+00	6.6807E+00	1.2174E+01	
1.4200E+01	4.4173E+00	6.3036E+00	1.0721E+01	
1.4200E+01	5.4183E+00	9.2683E+00	1.4687E+01	
1.4300E+01	4.7098E+00	8.7265E+00	1.3436E+01	
1.4300E+01	4.2570E+00	6.9123E+00	1.1169E+01	
1.4300E+01	3.2812E+00	6.0414E+00	9.3226E+00	
1.4300E+01	4.1718E+00	6.8925E+00	1.1064E+01	
1.4300E+01	3.8402E+00	8.9232E+00	1.2763E+01	
1.4400E+01	2.2734E+00	6.2792E+00	8.5526E+00	
1.4400E+01	2.5525E+00	6.3804E+00	8.9329E+00	
1.4400E+01	2.2136E+00	6.4720E+00	8.6856E+00	
1.4400E+01	4.2408E+00	9.6262E+00	1.3867E+01	
1.4400E+01	4.2579E+00	8.0173E+00	1.2275E+01	
1.4500E+01	4.3767E+00	9.7888E+00	1.4166E+01	
1.4500E+01	4.1182E+00	9.8459E+00	1.3964E+01	
1.4500E+01	4.4359E+00	1.2135E+01	1.6571E+01	
1.4500E+01	4.2193E+00	1.1679E+01	1.5898E+01	
1.4500E+01	3.0400E+00	8.3529E+00	1.1393E+01	
1.4600E+01	2.8230E+00	6.0615E+00	8.8845E+00	
1.4600E+01	2.7095E+00	4.4086E+00	7.1181E+00	
1.4600E+01	2.4750E+00	3.6554E+00	6.1304E+00	
1.4600E+01	2.3566E+00	3.1603E+00	5.5169E+00	
1.4600E+01	2.0441E+00	4.3059E+00	6.3500E+00	
1.4700E+01	2.2745E+00	5.0016E+00	7.2761E+00	
1.4700E+01	2.2511E+00	7.8844E+00	1.0136E+01	
1.4700E+01	2.6783E+00	7.7053E+00	1.0384E+01	
1.4700E+01	2.7977E+00	5.1097E+00	7.9074E+00	
1.4700E+01	2.8421E+00	4.8319E+00	7.6740E+00	
1.4800E+01	2.8454E+00	6.0570E+00	8.9024E+00	
1.4800E+01	2.6501E+00	5.3170E+00	7.9671E+00	
1.4800E+01	2.8140E+00	6.0094E+00	8.8234E+00	
1.4800E+01	2.8288E+00	5.9938E+00	8.8226E+00	
1.4800E+01	3.6841E+00	5.1081E+00	8.7922E+00	
1.4900E+01	4.3053E+00	5.2074E+00	9.5127E+00	
1.4900E+01	4.0587E+00	4.8458E+00	8.9045E+00	
1.4900E+01	4.0227E+00	5.1445E+00	9.1672E+00	
1.4900E+01	3.5649E+00	3.7623E+00	7.3272E+00	
1.4900E+01	3.7290E+00	8.0293E+00	1.1758E+01	
1.5000E+01	3.5203E+00	7.6337E+00	1.1154E+01	
1.5000E+01	3.6409E+00	9.0338E+00	1.2675E+01	
1.5000E+01	3.4179E+00	5.7584E+00	9.1763E+00	
1.5000E+01	3.8583E+00	4.0434E+00	7.9017E+00	
1.5000E+01	3.7836E+00	2.9910E+00	6.7746E+00	
1.5100E+01	3.6031E+00	2.1275E+00	5.7306E+00	
1.5100E+01	3.1779E+00	1.6604E+00	4.8383E+00	
1.5100E+01	3.0497E+00	1.3293E+00	4.3790E+00	
1.5100E+01	3.0177E+00	1.0679E+00	4.0856E+00	
1.5100E+01	2.9812E+00	9.9908E-01	3.9803E+00	
1.5200E+01	3.0327E+00	1.0671E+00	4.0998E+00	
1.5200E+01	2.6610E+00	9.9683E-01	3.6578E+00	
1.5200E+01	2.1219E+00	7.4198E-01	2.8639E+00	
1.5200E+01	1.8586E+00	9.1108E-01	2.7697E+00	
1.5200E+01	1.7855E+00	8.7462E-01	2.6601E+00	
1.5300E+01	1.9493E+00	1.0994E+00	3.0487E+00	
1.5300E+01	1.9801E+00	1.3175E+00	3.2976E+00	
1.5300E+01	2.0897E+00	2.0444E+00	4.1341E+00	
1.5300E+01	2.0881E+00	2.0883E+00	4.1764E+00	
1.5300E+01	2.0652E+00	2.2439E+00	4.3091E+00	
1.5400E+01	2.2622E+00	2.2635E+00	4.5257E+00	
1.5400E+01	2.6585E+00	4.4860E+00	7.1445E+00	
1.5400E+01	2.8137E+00	3.9398E+00	6.7535E+00	
1.5400E+01	2.6036E+00	3.5648E+00	6.1684E+00	
1.5400E+01	2.6927E+00	4.0311E+00	6.7238E+00	
1.5500E+01	2.8576E+00	4.0576E+00	6.9152E+00	
1.5500E+01	2.9692E+00	4.9824E+00	7.9516E+00	
1.5500E+01	3.4874E+00	6.5529E+00	1.0040E+01	
1.5500E+01	2.8129E+00	5.5907E+00	8.4036E+00	
1.5500E+01	2.4452E+00	5.8078E+00	8.2530E+00	
1.5600E+01	2.4378E+00	6.6724E+00	9.1102E+00	
1.5600E+01	2.4691E+00	7.2600E+00	9.7291E+00	
1.5600E+01	2.6389E+00	7.8022E+00	1.0441E+01	
1.5600E+01	2.4958E+00	8.0758E+00	1.0572E+01	
1.5600E+01	2.3366E+00	7.2938E+00	9.6304E+00	
1.5700E+01	2.6933E+00	9.7745E+00	1.2468E+01	
1.5700E+01	1.7511E+00	9.1732E+00	1.0924E+01	
1.5700E+01	2.1073E+00	8.8657E+00	1.0973E+01	
1.5700E+01	2.3257E+00	9.4005E+00	1.1726E+01	
1.5700E+01	2.0069E+00	1.0013E+01	1.2020E+01	
1.5800E+01	1.8988E+00	1.0911E+01	1.2810E+01	
1.5800E+01	1.9889E+00	1.2632E+01	1.4621E+01	
1.5800E+01	2.9029E+00	1.4620E+01	1.7523E+01	
1.5800E+01	2.3913E+00	1.3879E+01	1.6270E+01	
1.5800E+01	2.1094E+00	1.2873E+01	1.4982E+01	
1.5900E+01	2.1354E+00	1.1863E+01	1.3998E+01	
1.5900E+01	2.5630E+00	9.0119E+00	1.1575E+01	
1.5900E+01	2.3526E+00	1.1398E+01	1.3751E+01	
1.5900E+01	1.5665E+00	1.0079E+01	1.1646E+01	
1.5900E+01	1.7457E+00	1.1198E+01	1.2944E+01	
1.6000E+01	1.5312E+00	1.4073E+01	1.5604E+01	
1.6000E+01	1.8868E+00	1.4771E+01	1.6658E+01	
1.6000E+01	1.7020E+00	1.2079E+01	1.3781E+01	
1.6000E+01	2.0080E+00	1.3331E+01	1.5339E+01	
1.6000E+01	1.8149E+00	1.7710E+01	1.9525E+01	
1.6100E+01	1.9754E+00	1.6279E+01	1.8254E+01	
1.6100E+01	2.5868E+00	1.5921E+01	1.8508E+01	
1.6100E+01	1.9569E+00	9.9775E+00	1.1934E+01	
1.6100E+01	1.9408E+00	1.1660E+01	1.3601E+01	
1.6100E+01	2.0933E+00	1.3028E+01	1.5121E+01	
1.6200E+01	2.0189E+00	1.0814E+01	1.2833E+01	
1.6200E+01	2.3888E+00	1.2486E+01	1.4875E+01	
1.6200E+01	2.2786E+00	1.2157E+01	1.4436E+01	
1.6200E+01	1.9948E+00	1.1035E+01	1.3030E+01	
1.6200E+01	2.0706E+00	1.1534E+01	1.3605E+01	
1.6300E+01	2.2342E+00	1.3933E+01	1.6167E+01	
1.6300E+01	2.0753E+00	1.5323E+01	1.7398E+01	
1.6300E+01	1.7598E+00	1.5069E+01	1.6829E+01	
1.6300E+01	1.6910E+00	1.2880E+01	1.4571E+01	
1.6300E+01	1.6206E+00	1.0085E+01	1.1706E+01	
1.6400E+01	1.5563E+00	5.4580E+00	7.0143E+00	
1.6400E+01	1.3967E+00	4.3030E+00	5.6997E+00	
1.6400E+01	1.4314E+00	3.2968E+00	4.7282E+00	
1.6400E+01	1.5772E+00	3.3656E+00	4.9428E+00	
1.6400E+01	1.6398E+00	3.0981E+00	4.7379E+00	
1.6500E+01	1.7015E+00	2.6566E+00	4.3581E+00	
1.6500E+01	1.8343E+00	2.5348E+00	4.3691E+00	
1.6500E+01	1.9329E+00	2.3158E+00	4.2487E+00	
1.6500E+01	2.0570E+00	2.3538E+00	4.4108E+00	
1.6500E+01	2.0915E+00	2.5323E+00	4.6238E+00	
1.6600E+01	1.9658E+00	2.5398E+00	4.5056E+00	
1.6600E+01	1.8721E+00	2.7749E+00	4.6470E+00	
1.6600E+01	1.8107E+00	4.2925E+00	6.1032E+00	
1.6600E+01	1.5532E+00	8.7333E+00	1.0287E+01	
1.6600E+01	1.2795E+00	8.4512E+00	9.7307E+00	
1.6700E+01	1.5345E+00	8.4242E+00	9.9587E+00	
1.6700E+01	1.6573E+00	7.4087E+00	9.0660E+00	
1.6700E+01	1.4779E+00	7.8188E+00	9.2967E+00	
1.6700E+01	1.4566E+00	7.2799E+00	8.7365E+00	
1.6700E+01	1.4705E+00	5.7399E+00	7.2104E+00	
1.6800E+01	1.3108E+00	4.2408E+00	5.5516E+00	
1.6800E+01	1.2955E+00	3.3261E+00	4.6216E+00	
1.6800E+01	1.3721E+00	3.1323E+00	4.5044E+00	
1.6800E+01	1.4953E+00	2.9322E+00	4.4275E+00	
1.6800E+01	1.6369E+00	2.8869E+00	4.5238E+00	
1.6900E+01	1.7444E+00	2.8699E+00	4.6143E+00	
1.6900E+01	2.0620E+00	2.9850E+00	5.0470E+00	
1.6900E+01	2.0823E+00	3.2101E+00	5.2924E+00	
1.6900E+01	2.2276E+00	3.3677E+00	5.5953E+00	
1.6900E+01	2.0208E+00	3.4694E+00	5.4902E+00	
1.7000E+01	1.7287E+00	3.5981E+00	5.3268E+00	
1.7000E+01	1.5474E+00	4.3106E+00	5.8580E+00	
1.7000E+01	1.5324E+00	4.1831E+00	5.7155E+00	
1.7000E+01	1.5508E+00	4.4427E+00	5.9935E+00	
1.7000E+01	1.4916E+00	4.3307E+00	5.8223E+00	
1.7100E+01	1.5148E+00	4.2730E+00	5.7878E+00	
1.7100E+01	1.5370E+00	3.9683E+00	5.5053E+00	
1.7100E+01	1.5128E+00	3.5844E+00	5.0972E+00	
1.7100E+01	1.5090E+00	3.3221E+00	4.8311E+00	
1.7100E+01	1.5251E+00	3.0358E+00	4.5609E+00	
1.7200E+01	1.5458E+00	2.9757E+00	4.5215E+00	
1.7200E+01	1.5199E+00	3.2863E+00	4.8062E+00	
1.7200E+01	1.5579E+00	3.4302E+00	4.9881E+00	
1.7200E+01	1.5826E+00	3.5119E+00	5.0945E+00	
1.7200E+01	1.7019E+00	3.8334E+00	5.5353E+00	
1.7300E+01	1.7565E+00	4.0936E+00	5.8501E+00	
1.7300E+01	1.8083E+00	4.0646E+00	5.8729E+00	
1.7300E+01	1.7024E+00	3.6961E+00	5.3985E+00	
1.7300E+01	1.5849E+00	3.4948E+00	5.0797E+00	
1.7300E+01	1.4755E+00	3.3796E+00	4.8551E+00	
1.7400E+01	1.5652E+00	3.3878E+00	4.9530E+00	
1.7400E+01	1.7233E+00	3.3079E+00	5.0312E+00	
1.7400E+01	1.6309E+00	3.0996E+00	4.7305E+00	
1.7400E+01	1.5416E+00	2.7876E+00	4.3292E+00	
1.7400E+01	1.5855E+00	2.6468E+00	4.2323E+00	
1.7500E+01	1.5975E+00	2.6065E+00	4.2040E+00	
1.7500E+01	1.5012E+00	2.4483E+00	3.9495E+00	
1.7500E+01	1.4629E+00	2.4048E+00	3.8677E+00	
1.7500E+01	1.4668E+00	2.4214E+00	3.8882E+00	
1.7500E+01	1.4742E+00	2.4849E+00	3.9591E+00	
1.7600E+01	1.5011E+00	2.5408E+00	4.0419E+00	
1.7600E+01	1.4849E+00	2.5086E+00	3.9935E+00	
1.7600E+01	1.4988E+00	2.5659E+00	4.0647E+00	
1.7600E+01	1.5465E+00	2.6471E+00	4.1936E+00	
1.7600E+01	1.5804E+00	2.6042E+00	4.1846E+00	
1.7700E+01	1.7088E+00	2.5867E+00	4.2955E+00	
1.7700E+01	1.7256E+00	2.5203E+00	4.2459E+00	
1.7700E+01	1.7081E+00	2.4518E+00	4.1599E+00	
1.7700E+01	1.6424E+00	2.4637E+00	4.1061E+00	
1.7700E+01	1.5920E+00	2.3894E+00	3.9814E+00	
1.7800E+01	1.5489E+00	2.3187E+00	3.8676E+00	
1.7800E+01	1.5324E+00	2.3089E+00	3.8413E+00	
1.7800E+01	1.4454E+00	2.1261E+00	3.5715E+00	
1.7800E+01	1.3823E+00	2.1129E+00	3.4952E+00	
1.7800E+01	1.3632E+00	2.1015E+00	3.4647E+00	
1.7900E+01	1.4375E+00	2.1548E+00	3.5923E+00	
1.7900E+01	1.5068E+00	2.1505E+00	3.6573E+00	
1.7900E+01	1.5024E+00	2.6199E+00	4.1223E+00	
1.7900E+01	1.4880E+00	2.6594E+00	4.1474E+00	
1.7900E+01	1.4909E+00	2.4765E+00	3.9674E+00	
1.8000E+01	1.4998E+00	2.4754E+00	3.9752E+00	
1.8000E+01	1.4990E+00	2.4445E+00	3.9435E+00	
1.8000E+01	1.4701E+00	2.5827E+00	4.0528E+00	
1.8000E+01	1.5107E+00	2.4646E+00	3.9753E+00	
1.8000E+01	1.4597E+00	2.4267E+00	3.8864E+00	
1.8100E+01	1.4559E+00	2.4595E+00	3.9154E+00	
1.8100E+01	1.4476E+00	2.4280E+00	3.8756E+00	
1.8100E+01	1.4510E+00	2.3228E+00	3.7738E+00	
1.8100E+01	1.4776E+00	2.1352E+00	3.6128E+00	
1.8100E+01	1.5213E+00	2.1011E+00	3.6224E+00	
1.8200E+01	1.5449E+00	2.0191E+00	3.5640E+00	
1.8200E+01	1.4513E+00	1.8660E+00	3.3173E+00	
1.8200E+01	1.4332E+00	1.8434E+00	3.2766E+00	
1.8200E+01	1.4096E+00	1.8368E+00	3.2464E+00	
1.8200E+01	1.3922E+00	1.8171E+00	3.2093E+00	
1.8300E+01	1.5125E+00	1.8230E+00	3.3355E+00	
1.8300E+01	1.7503E+00	1.8674E+00	3.6177E+00	
1.8300E+01	2.0235E+00	1.9289E+00	3.9524E+00	
1.8300E+01	2.0646E+00	1.9150E+00	3.9796E+00	
1.8300E+01	2.1087E+00	1.8773E+00	3.9860E+00	
1.8400E+01	1.9890E+00	1.8219E+00	3.8109E+00	
1.8400E+01	1.8581E+00	1.7570E+00	3.6151E+00	
1.8400E+01	1.8529E+00	1.7110E+00	3.5639E+00	
1.8400E+01	1.8422E+00	1.7029E+00	3.5451E+00	
1.8400E+01	1.9105E+00	1.7325E+00	3.6430E+00	
1.8500E+01	2.0293E+00	1.8543E+00	3.8836E+00	
1.8500E+01	2.0960E+00	1.9040E+00	4.0000E+00	
1.8500E+01	2.1463E+00	1.9312E+00	4.0775E+00	
1.8500E+01	2.1632E+00	1.9715E+00	4.1347E+00	
1.8500E+01	2.1826E+00	2.0044E+00	4.1870E+00	
1.8600E+01	2.1672E+00	2.0367E+00	4.2039E+00	
1.8600E+01	2.1818E+00	2.0470E+00	4.2288E+00	
1.8600E+01	2.2558E+00	2.0973E+00	4.3531E+00	
1.8600E+01	2.3060E+00	2.1164E+00	4.4224E+00	
1.8600E+01	2.3089E+00	2.1283E+00	4.4372E+00	
1.8700E+01	2.2552E+00	2.1938E+00	4.4490E+00	
1.8700E+01	2.2469E+00	2.2005E+00	4.4474E+00	
1.8700E+01	2.1329E+00	2.1462E+00	4.2791E+00	
1.8700E+01	2.1284E+00	2.2208E+00	4.3492E+00	
1.8700E+01	2.1488E+00	2.3102E+00	4.4590E+00	
1.8800E+01	2.1543E+00	2.4652E+00	4.6195E+00	
1.8800E+01	2.0939E+00	2.3857E+00	4.4796E+00	
1.8800E+01	2.0124E+00	2.2824E+00	4.2948E+00	
1.8800E+01	1.9708E+00	2.1919E+00	4.1627E+00	
1.8800E+01	1.9516E+00	2.0829E+00	4.0345E+00	
1.8900E+01	1.9241E+00	2.0303E+00	3.9544E+00	
1.8900E+01	1.9154E+00	1.9037E+00	3.8191E+00	
1.8900E+01	1.8852E+00	1.7752E+00	3.6604E+00	
1.8900E+01	1.8519E+00	1.6560E+00	3.5079E+00	
1.8900E+01	1.8234E+00	1.6385E+00	3.4619E+00	
1.9000E+01	1.9082E+00	1.7840E+00	3.6922E+00	
1.9000E+01	1.8218E+00	1.7945E+00	3.6163E+00	
1.9000E+01	1.7779E+00	1.7744E+00	3.5523E+00	
1.9000E+01	1.7637E+00	2.0475E+00	3.8112E+00	
1.9000E+01	1.7334E+00	2.1525E+00	3.8859E+00	
1.9100E+01	1.6927E+00	2.1780E+00	3.8707E+00	
1.9100E+01	1.6774E+00	2.2480E+00	3.9254E+00	
1.9100E+01	1.7383E+00	2.3051E+00	4.0434E+00	
1.9100E+01	1.7680E+00	2.3305E+00	4.0985E+00	
1.9100E+01	1.7474E+00	2.3248E+00	4.0722E+00	
1.9200E+01	1.7988E+00	2.4988E+00	4.2976E+00	
1.9200E+01	1.7680E+00	2.5575E+00	4.3255E+00	
1.9200E+01	1.6901E+00	2.4811E+00	4.1712E+00	
1.9200E+01	1.7117E+00	2.5448E+00	4.2565E+00	
1.9200E+01	1.7669E+00	2.5820E+00	4.3489E+00	
1.9300E+01	1.8595E+00	2.6519E+00	4.5114E+00	
1.9300E+01	1.9282E+00	2.7818E+00	4.7100E+00	
1.9300E+01	1.9771E+00	2.7341E+00	4.7112E+00	
1.9300E+01	2.1493E+00	2.5947E+00	4.7440E+00	
1.9300E+01	2.1072E+00	2.5431E+00	4.6503E+00	
1.9400E+01	2.0111E+00	2.4435E+00	4.4546E+00	
1.9400E+01	1.9945E+00	2.3825E+00	4.3770E+00	
1.9400E+01	1.9439E+00	2.3345E+00	4.2784E+00	
1.9400E+01	1.8313E+00	2.3183E+00	4.1496E+00	
1.9400E+01	1.8073E+00	2.3603E+00	4.1676E+00	
1.9500E+01	1.8671E+00	2.3066E+00	4.1737E+00	
1.9500E+01	1.9159E+00	2.2679E+00	4.1838E+00	
1.9500E+01	1.9262E+00	2.2422E+00	4.1684E+00	
1.9500E+01	1.9851E+00	2.1901E+00	4.1752E+00	
1.9500E+01	2.0110E+00	2.0584E+00	4.0694E+00	
1.9600E+01	2.1141E+00	1.9769E+00	4.0910E+00	
1.9600E+01	2.1954E+00	1.9153E+00	4.1107E+00	
1.9600E+01	2.2072E+00	1.8759E+00	4.0831E+00	
1.9600E+01	2.2460E+00	1.8370E+00	4.0830E+00	
1.9600E+01	2.2884E+00	1.8311E+00	4.1195E+00	
1.9700E+01	2.3050E+00	1.8448E+00	4.1498E+00	
1.9700E+01	2.2208E+00	1.7618E+00	3.9826E+00	
1.9700E+01	2.2187E+00	1.7268E+00	3.9455E+00	
1.9700E+01	2.2366E+00	1.7130E+00	3.9496E+00	
1.9700E+01	2.2644E+00	1.6589E+00	3.9233E+00	
1.9800E+01	2.2822E+00	1.6171E+00	3.8993E+00	
1.9800E+01	2.2690E+00	1.5966E+00	3.8656E+00	
1.9800E+01	2.2986E+00	1.5840E+00	3.8826E+00	
1.9800E+01	2.2651E+00	1.5499E+00	3.8150E+00	
1.9800E+01	2.2432E+00	1.5377E+00	3.7809E+00	
1.9900E+01	2.1512E+00	1.5057E+00	3.6569E+00	
1.9900E+01	2.1188E+00	1.5167E+00	3.6355E+00	
1.9900E+01	2.0844E+00	1.4994E+00	3.5838E+00	
1.9900E+01	2.0534E+00	1.5483E+00	3.6017E+00	
1.9900E+01	2.0250E+00	1.6227E+00	3.6477E+00	
2.0000E+01	1.9591E+00	1.7461E+00	3.7052E+00	
2.0000E+01	1.8947E+00	1.8228E+00	3.7175E+00	
2.0000E+01	1.8537E+00	1.8556E+00	3.7093E+00	
2.0000E+01	1.8402E+00	1.9485E+00	3.7887E+00	
2.0000E+01	1.8392E+00	2.0267E+00	3.8659E+00	
2.0100E+01	1.8648E+00	2.1123E+00	3.9771E+00	
2.0100E+01	1.8540E+00	2.0922E+00	3.9462E+00	
2.0100E+01	1.8466E+00	2.1215E+00	3.9681E+00	
2.0100E+01	1.8211E+00	2.2014E+00	4.0225E+00	
2.0100E+01	1.8040E+00	2.2931E+00	4.0971E+00	
2.0200E+01	1.7848E+00	2.2678E+00	4.0526E+00	
2.0200E+01	1.7939E+00	2.2687E+00	4.0626E+00	
2.0200E+01	1.7922E+00	2.2488E+00	4.0410E+00	
2.0200E+01	1.7720E+00	2.2070E+00	3.9790E+00	
2.0200E+01	1.7589E+00	2.2085E+00	3.9674E+00	
2.0300E+01	1.7607E+00	2.2275E+00	3.9882E+00	
2.0300E+01	1.6983E+00	2.1838E+00	3.8821E+00	
2.0300E+01	1.6468E+00	2.1729E+00	3.8197E+00	
2.0300E+01	1.6441E+00	2.1864E+00	3.8305E+00	
2.0300E+01	1.9328E+00	2.2108E+00	4.1436E+00	
2.0400E+01	1.5467E+00	2.1837E+00	3.7304E+00	
2.0400E+01	1.4168E+00	2.1548E+00	3.5716E+00	
2.0400E+01	1.3505E+00	2.1335E+00	3.4840E+00	
2.0400E+01	1.3295E+00	2.1211E+00	3.4506E+00	
2.0400E+01	1.2707E+00	2.1246E+00	3.3953E+00	
2.0500E+01	1.2479E+00	2.1533E+00	3.4012E+00	
2.0500E+01	1.2832E+00	2.1948E+00	3.4780E+00	
2.0500E+01	1.3597E+00	2.2580E+00	3.6177E+00	
2.0500E+01	1.3964E+00	2.2416E+00	3.6380E+00	
2.0500E+01	1.4096E+00	2.1818E+00	3.5914E+00	
2.0600E+01	1.3923E+00	2.0554E+00	3.4477E+00	
2.0600E+01	1.3743E+00	1.9527E+00	3.3270E+00	
2.0600E+01	1.3782E+00	1.9093E+00	3.2875E+00	
2.0600E+01	1.4367E+00	1.9606E+00	3.3973E+00	
2.0600E+01	1.6154E+00	2.0200E+00	3.6354E+00	
2.0700E+01	1.7072E+00	2.0387E+00	3.7459E+00	
2.0700E+01	1.7780E+00	2.0568E+00	3.8348E+00	
2.0700E+01	1.8548E+00	2.1262E+00	3.9810E+00	
2.0700E+01	1.8688E+00	1.8184E+00	3.6872E+00	
2.0700E+01	2.0988E+00	1.7817E+00	3.8805E+00	
2.0800E+01	2.3097E+00	1.8404E+00	4.1501E+00	
2.0800E+01	2.3088E+00	1.8147E+00	4.1235E+00	
2.0800E+01	2.1794E+00	1.7778E+00	3.9572E+00	
2.0800E+01	2.0221E+00	1.7058E+00	3.7279E+00	
2.0800E+01	1.9941E+00	1.6963E+00	3.6904E+00	
2.0900E+01	1.9514E+00	1.6098E+00	3.5612E+00	
2.0900E+01	1.8657E+00	1.5424E+00	3.4081E+00	
2.0900E+01	1.7873E+00	1.4696E+00	3.2569E+00	
2.0900E+01	1.8268E+00	1.4377E+00	3.2645E+00	
2.0900E+01	1.7815E+00	1.4270E+00	3.2085E+00	
2.1000E+01	1.7911E+00	1.4771E+00	3.2682E+00	
2.1000E+01	1.7919E+00	1.5245E+00	3.3164E+00	
2.1000E+01	1.7701E+00	1.5133E+00	3.2834E+00	
2.1000E+01	2.0269E+00	1.4930E+00	3.5199E+00	
2.1000E+01	1.6746E+00	1.4325E+00	3.1071E+00	
2.1100E+01	1.5541E+00	1.5079E+00	3.0620E+00	
2.1100E+01	1.5437E+00	1.6177E+00	3.1614E+00	
2.1100E+01	1.5457E+00	1.7444E+00	3.2901E+00	
2.1100E+01	1.4856E+00	1.9245E+00	3.4101E+00	
2.1100E+01	1.4255E+00	1.9471E+00	3.3726E+00	
2.1200E+01	1.4665E+00	1.8596E+00	3.3261E+00	
2.1200E+01	1.4008E+00	1.9105E+00	3.3113E+00	
2.1200E+01	1.4296E+00	2.0310E+00	3.4606E+00	
2.1200E+01	1.4721E+00	2.0324E+00	3.5045E+00	
2.1200E+01	1.5677E+00	2.0123E+00	3.5800E+00	
2.1300E+01	1.5579E+00	2.0313E+00	3.5892E+00	
2.1300E+01	1.6431E+00	1.8463E+00	3.4894E+00	
2.1300E+01	1.7375E+00	1.7580E+00	3.4955E+00	
2.1300E+01	1.8279E+00	1.7448E+00	3.5727E+00	
2.1300E+01	2.0026E+00	1.7982E+00	3.8008E+00	
2.1400E+01	2.0377E+00	1.8079E+00	3.8456E+00	
2.1400E+01	2.0548E+00	1.8020E+00	3.8568E+00	
2.1400E+01	1.9783E+00	1.7769E+00	3.7552E+00	
2.1400E+01	2.0039E+00	1.8560E+00	3.8599E+00	
2.1400E+01	1.9303E+00	1.8175E+00	3.7478E+00	
2.1500E+01	1.7605E+00	1.7586E+00	3.5191E+00	
2.1500E+01	1.6689E+00	1.7462E+00	3.4151E+00	
2.1500E+01	1.6704E+00	1.8103E+00	3.4807E+00	
2.1500E+01	1.6289E+00	1.7549E+00	3.3838E+00	
2.1500E+01	1.5445E+00	1.7923E+00	3.3368E+00	
2.1600E+01	1.5469E+00	1.8729E+00	3.4198E+00	
2.1600E+01	1.5017E+00	1.8627E+00	3.3644E+00	
2.1600E+01	1.5806E+00	1.8385E+00	3.4191E+00	
2.1600E+01	1.5730E+00	1.8717E+00	3.4447E+00	
2.1600E+01	1.5950E+00	1.8228E+00	3.4178E+00	
2.1700E+01	1.5964E+00	1.6918E+00	3.2882E+00	
2.1700E+01	1.5310E+00	1.5626E+00	3.0936E+00	
2.1700E+01	1.4510E+00	1.3572E+00	2.8082E+00	
2.1700E+01	1.4734E+00	1.2975E+00	2.7709E+00	
2.1700E+01	1.4918E+00	1.2949E+00	2.7867E+00	
2.1800E+01	1.5052E+00	1.2753E+00	2.7805E+00	
2.1800E+01	1.4720E+00	1.3419E+00	2.8139E+00	
2.1800E+01	1.5292E+00	1.4594E+00	2.9886E+00	
2.1800E+01	1.6053E+00	1.6536E+00	3.2589E+00	
2.1800E+01	1.5747E+00	1.6046E+00	3.1793E+00	
2.1900E+01	1.5446E+00	1.6525E+00	3.1971E+00	
2.1900E+01	1.4925E+00	1.7610E+00	3.2535E+00	
2.1900E+01	1.4746E+00	1.8669E+00	3.3415E+00	
2.1900E+01	1.4957E+00	1.9764E+00	3.4721E+00	
2.1900E+01	1.5673E+00	2.0509E+00	3.6182E+00	
2.2000E+01	1.6231E+00	2.1253E+00	3.7484E+00	
2.2000E+01	1.7318E+00	2.0786E+00	3.8104E+00	
2.2000E+01	1.9274E+00	2.1771E+00	4.1045E+00	
2.2000E+01	1.9874E+00	1.9757E+00	3.9631E+00	
2.2000E+01	1.9547E+00	1.7548E+00	3.7095E+00	
2.2100E+01	1.9465E+00	1.7002E+00	3.6467E+00	
2.2100E+01	1.8898E+00	1.6624E+00	3.5522E+00	
2.2100E+01	1.9048E+00	1.6523E+00	3.5571E+00	
2.2100E+01	1.8618E+00	1.5198E+00	3.3816E+00	
2.2100E+01	1.8669E+00	1.5055E+00	3.3724E+00	
2.2200E+01	1.9021E+00	1.5311E+00	3.4332E+00	
2.2200E+01	1.9548E+00	1.5601E+00	3.5149E+00	
2.2200E+01	2.0814E+00	1.5646E+00	3.6460E+00	
2.2200E+01	2.1599E+00	1.6031E+00	3.7630E+00	
2.2200E+01	2.1700E+00	1.6289E+00	3.7989E+00	
2.2300E+01	2.1693E+00	1.6644E+00	3.8337E+00	
2.2300E+01	2.1138E+00	1.6947E+00	3.8085E+00	
2.2300E+01	2.0569E+00	1.7539E+00	3.8108E+00	
2.2300E+01	2.0127E+00	1.8354E+00	3.8481E+00	
2.2300E+01	1.9864E+00	1.8797E+00	3.8661E+00	
2.2400E+01	1.9936E+00	1.8482E+00	3.8418E+00	
2.2400E+01	2.0509E+00	1.9039E+00	3.9548E+00	
2.2400E+01	2.1872E+00	1.9747E+00	4.1619E+00	
2.2400E+01	2.3430E+00	2.0947E+00	4.4377E+00	
2.2400E+01	2.3920E+00	2.1456E+00	4.5376E+00	
2.2500E+01	2.3422E+00	2.0891E+00	4.4313E+00	
2.2500E+01	2.3303E+00	2.0639E+00	4.3942E+00	
2.2500E+01	2.4299E+00	2.1053E+00	4.5352E+00	
2.2500E+01	2.5889E+00	2.1441E+00	4.7330E+00	
2.2500E+01	2.4914E+00	2.0748E+00	4.5662E+00	
2.2600E+01	2.4380E+00	2.1001E+00	4.5381E+00	
2.2600E+01	2.4770E+00	2.1498E+00	4.6268E+00	
2.2600E+01	2.5555E+00	2.1724E+00	4.7279E+00	
2.2600E+01	2.5700E+00	2.1824E+00	4.7524E+00	
2.2600E+01	2.3912E+00	2.1665E+00	4.5577E+00	
2.2700E+01	2.3923E+00	2.2052E+00	4.5975E+00	
2.2700E+01	2.3351E+00	2.3297E+00	4.6648E+00	
2.2700E+01	2.3017E+00	2.2676E+00	4.5693E+00	
2.2700E+01	2.2695E+00	2.3427E+00	4.6122E+00	
2.2700E+01	2.2160E+00	2.3438E+00	4.5598E+00	
2.2800E+01	2.1501E+00	2.3314E+00	4.4815E+00	
2.2800E+01	2.1709E+00	2.3218E+00	4.4927E+00	
2.2800E+01	2.1468E+00	2.2914E+00	4.4382E+00	
2.2800E+01	2.1721E+00	2.3123E+00	4.4844E+00	
2.2800E+01	2.0197E+00	2.2575E+00	4.2772E+00	
2.2900E+01	1.8899E+00	2.2427E+00	4.1326E+00	
2.2900E+01	1.8080E+00	2.2487E+00	4.0567E+00	
2.2900E+01	1.8228E+00	2.3193E+00	4.1421E+00	
2.2900E+01	1.8319E+00	2.3777E+00	4.2096E+00	
2.2900E+01	1.8743E+00	2.3810E+00	4.2553E+00	
2.3000E+01	1.9957E+00	2.3776E+00	4.3733E+00	
2.3000E+01	1.9900E+00	2.4298E+00	4.4198E+00	
2.3000E+01	1.9738E+00	2.5282E+00	4.5020E+00	
2.3000E+01	1.9507E+00	2.4911E+00	4.4418E+00	
2.3000E+01	1.8737E+00	2.4007E+00	4.2744E+00	
2.3100E+01	1.7935E+00	2.3661E+00	4.1596E+00	
2.3100E+01	1.7983E+00	2.3600E+00	4.1583E+00	
2.3100E+01	1.8372E+00	2.4445E+00	4.2817E+00	
2.3100E+01	1.7837E+00	2.3139E+00	4.0976E+00	
2.3100E+01	1.7744E+00	2.2071E+00	3.9815E+00	
2.3200E+01	1.8030E+00	2.1270E+00	3.9300E+00	
2.3200E+01	1.8467E+00	2.0833E+00	3.9300E+00	
2.3200E+01	1.9151E+00	1.9942E+00	3.9093E+00	
2.3200E+01	1.9257E+00	1.8691E+00	3.7948E+00	
2.3200E+01	1.9614E+00	1.8457E+00	3.8071E+00	
2.3300E+01	2.0400E+00	1.9299E+00	3.9699E+00	
2.3300E+01	2.0997E+00	1.9991E+00	4.0988E+00	
2.3300E+01	2.1187E+00	1.9663E+00	4.0850E+00	
2.3300E+01	2.1509E+00	1.9507E+00	4.1016E+00	
2.3300E+01	2.2450E+00	1.8990E+00	4.1440E+00	
2.3400E+01	2.3261E+00	1.8635E+00	4.1896E+00	
2.3400E+01	2.4227E+00	1.8536E+00	4.2763E+00	
2.3400E+01	2.5026E+00	1.9069E+00	4.4095E+00	
2.3400E+01	2.5351E+00	1.9569E+00	4.4920E+00	
2.3400E+01	2.5310E+00	1.9900E+00	4.5210E+00	
2.3500E+01	2.5012E+00	2.0034E+00	4.5046E+00	
2.3500E+01	2.4616E+00	1.9842E+00	4.4458E+00	
2.3500E+01	2.3745E+00	1.9576E+00	4.3321E+00	
2.3500E+01	2.2917E+00	1.9445E+00	4.2362E+00	
2.3500E+01	2.1821E+00	1.9557E+00	4.1378E+00	
2.3600E+01	2.1547E+00	1.9734E+00	4.1281E+00	
2.3600E+01	2.1420E+00	2.0248E+00	4.1668E+00	
2.3600E+01	2.1806E+00	2.1196E+00	4.3002E+00	
2.3600E+01	2.2163E+00	2.2159E+00	4.4322E+00	
2.3600E+01	2.2416E+00	2.2544E+00	4.4960E+00	
2.3700E+01	2.2727E+00	2.3351E+00	4.6078E+00	
2.3700E+01	2.2532E+00	2.3739E+00	4.6271E+00	
2.3700E+01	2.3188E+00	2.3787E+00	4.6975E+00	
2.3700E+01	2.3180E+00	2.4093E+00	4.7273E+00	
2.3700E+01	2.3241E+00	2.4321E+00	4.7562E+00	
2.3800E+01	2.2261E+00	2.4170E+00	4.6431E+00	
2.3800E+01	2.1620E+00	2.4302E+00	4.5922E+00	
2.3800E+01	2.1377E+00	2.5160E+00	4.6537E+00	
2.3800E+01	2.1171E+00	2.5980E+00	4.7151E+00	
2.3800E+01	2.1389E+00	2.6006E+00	4.7395E+00	
2.3900E+01	2.1826E+00	2.5516E+00	4.7342E+00	
2.3900E+01	2.1614E+00	2.5021E+00	4.6635E+00	
2.3900E+01	2.1036E+00	2.4074E+00	4.5110E+00	
2.3900E+01	2.1073E+00	2.3498E+00	4.4571E+00	
2.3900E+01	2.1249E+00	2.2912E+00	4.4161E+00	
2.4000E+01	2.2111E+00	2.2582E+00	4.4693E+00	
2.4000E+01	2.2592E+00	2.2387E+00	4.4979E+00	
2.4000E+01	2.2776E+00	2.2608E+00	4.5384E+00	
2.4000E+01	2.2521E+00	2.2373E+00	4.4894E+00	
2.4000E+01	2.1931E+00	2.2251E+00	4.4182E+00	
2.4100E+01	2.1469E+00	2.2699E+00	4.4168E+00	
2.4100E+01	2.1052E+00	2.2768E+00	4.3820E+00	
2.4100E+01	2.0968E+00	2.2527E+00	4.3495E+00	
2.4100E+01	2.0786E+00	2.2518E+00	4.3304E+00	
2.4100E+01	2.0335E+00	2.1766E+00	4.2101E+00	
2.4200E+01	1.9762E+00	2.1176E+00	4.0938E+00	
2.4200E+01	1.9618E+00	2.0935E+00	4.0553E+00	
2.4200E+01	1.9776E+00	2.0491E+00	4.0267E+00	
2.4200E+01	1.9559E+00	2.0345E+00	3.9904E+00	
2.4200E+01	2.0016E+00	2.0652E+00	4.0668E+00	
2.4300E+01	2.0000E+00	2.0247E+00	4.0247E+00	
2.4300E+01	1.9918E+00	2.0095E+00	4.0013E+00	
2.4300E+01	1.9761E+00	1.9844E+00	3.9605E+00	
2.4300E+01	2.0015E+00	1.9902E+00	3.9917E+00	
2.4300E+01	2.0414E+00	2.0407E+00	4.0821E+00	
2.4400E+01	2.0607E+00	2.1466E+00	4.2073E+00	
2.4400E+01	2.1316E+00	2.2081E+00	4.3397E+00	
2.4400E+01	2.1206E+00	2.2038E+00	4.3244E+00	
2.4400E+01	2.0741E+00	2.1512E+00	4.2253E+00	
2.4400E+01	2.0179E+00	2.1024E+00	4.1203E+00	
2.4500E+01	1.9719E+00	2.1066E+00	4.0785E+00	
2.4500E+01	1.9296E+00	2.1190E+00	4.0486E+00	
2.4500E+01	1.9056E+00	2.1550E+00	4.0606E+00	
2.4500E+01	1.8755E+00	2.1581E+00	4.0336E+00	
2.4500E+01	1.8325E+00	2.1037E+00	3.9362E+00	
2.4600E+01	1.8518E+00	2.0875E+00	3.9393E+00	
2.4600E+01	1.8863E+00	2.0714E+00	3.9577E+00	
2.4600E+01	1.9792E+00	2.0561E+00	4.0353E+00	
2.4600E+01	2.0163E+00	2.0401E+00	4.0564E+00	
2.4600E+01	2.1031E+00	2.0384E+00	4.1415E+00	
2.4700E+01	2.0662E+00	2.0127E+00	4.0789E+00	
2.4700E+01	2.0713E+00	2.0058E+00	4.0771E+00	
2.4700E+01	2.1254E+00	2.0590E+00	4.1844E+00	
2.4700E+01	2.1430E+00	2.1251E+00	4.2681E+00	
2.4700E+01	2.1040E+00	2.1983E+00	4.3023E+00	
2.4800E+01	2.1359E+00	2.3125E+00	4.4484E+00	
2.4800E+01	2.1468E+00	2.3000E+00	4.4468E+00	
2.4800E+01	2.1581E+00	2.2558E+00	4.4139E+00	
2.4800E+01	2.2216E+00	2.2457E+00	4.4673E+00	
2.4800E+01	2.3470E+00	2.1965E+00	4.5435E+00	
2.4900E+01	2.2162E+00	1.9587E+00	4.1749E+00	
2.4900E+01	2.1077E+00	1.8807E+00	3.9884E+00	
2.4900E+01	2.0801E+00	1.8808E+00	3.9609E+00	
2.4900E+01	2.1069E+00	1.9493E+00	4.0562E+00	
2.4900E+01	2.0668E+00	1.9631E+00	4.0299E+00	
2.5000E+01	2.0745E+00	2.0155E+00	4.0900E+00	
2.5000E+01	2.0509E+00	2.0652E+00	4.1161E+00	
2.5000E+01	1.9594E+00	2.1248E+00	4.0842E+00	
2.5000E+01	1.8801E+00	2.1807E+00	4.0608E+00	
2.5000E+01	1.8563E+00	2.2660E+00	4.1223E+00	
2.5100E+01	1.8824E+00	2.3334E+00	4.2158E+00	
2.5100E+01	1.9390E+00	2.4215E+00	4.3605E+00	
2.5100E+01	1.9308E+00	2.4812E+00	4.4120E+00	
2.5100E+01	1.9433E+00	2.4828E+00	4.4261E+00	