#  E (eV)	   dosup(E) 	     dosdw(E)	   Int dos(E)	 EFermi =   15.2027 eV
5.2000E+00	6.2380E-03	5.5000E-03	1.1738E-02	
5.2200E+00	6.4389E-03	5.6600E-03	1.2099E-02	
5.2400E+00	6.6442E-03	5.8300E-03	1.2474E-02	
5.2600E+00	6.8537E-03	6.0000E-03	1.2854E-02	
5.2800E+00	7.0677E-03	6.1800E-03	1.3248E-02	
5.3000E+00	7.2860E-03	6.3500E-03	1.3636E-02	
5.3200E+00	7.5434E-03	6.5400E-03	1.4083E-02	
5.3400E+00	7.8731E-03	6.7300E-03	1.4603E-02	
5.3600E+00	8.2773E-03	6.9500E-03	1.5227E-02	
5.3800E+00	8.7575E-03	7.2300E-03	1.5988E-02	
5.4000E+00	9.3110E-03	7.6400E-03	1.6951E-02	
5.4200E+00	9.9173E-03	8.1100E-03	1.8027E-02	
5.4400E+00	1.0572E-02	8.6700E-03	1.9242E-02	
5.4600E+00	1.1201E-02	9.2800E-03	2.0481E-02	
5.4800E+00	1.1759E-02	9.8400E-03	2.1599E-02	
5.5000E+00	1.2254E-02	1.0300E-02	2.2554E-02	
5.5200E+00	1.2689E-02	1.0700E-02	2.3389E-02	
5.5400E+00	1.3074E-02	1.1100E-02	2.4174E-02	
5.5600E+00	1.3532E-02	1.1600E-02	2.5132E-02	
5.5800E+00	1.4079E-02	1.2200E-02	2.6279E-02	
5.6000E+00	1.4769E-02	1.3000E-02	2.7769E-02	
5.6200E+00	1.5613E-02	1.4000E-02	2.9613E-02	
5.6400E+00	1.6618E-02	1.5100E-02	3.1718E-02	
5.6600E+00	1.7805E-02	1.6100E-02	3.3905E-02	
5.6800E+00	1.9187E-02	1.6900E-02	3.6087E-02	
5.7000E+00	2.0496E-02	1.7700E-02	3.8196E-02	
5.7200E+00	2.1547E-02	1.8500E-02	4.0047E-02	
5.7400E+00	2.2553E-02	1.9200E-02	4.1753E-02	
5.7600E+00	2.3508E-02	2.0100E-02	4.3608E-02	
5.7800E+00	2.4408E-02	2.0900E-02	4.5308E-02	
5.8000E+00	2.5512E-02	2.1700E-02	4.7212E-02	
5.8200E+00	2.6579E-02	2.2300E-02	4.8879E-02	
5.8400E+00	2.7450E-02	2.1400E-02	4.8850E-02	
5.8600E+00	2.8177E-02	2.1500E-02	4.9677E-02	
5.8800E+00	2.6915E-02	2.1500E-02	4.8415E-02	
5.9000E+00	2.7270E-02	2.1400E-02	4.8670E-02	
5.9200E+00	2.7478E-02	2.0400E-02	4.7878E-02	
5.9400E+00	2.7530E-02	1.8000E-02	4.5530E-02	
5.9600E+00	2.6798E-02	1.6700E-02	4.3498E-02	
5.9800E+00	2.4245E-02	1.6500E-02	4.0745E-02	
6.0000E+00	2.2694E-02	1.6500E-02	3.9194E-02	
6.0200E+00	2.2326E-02	1.6400E-02	3.8726E-02	
6.0400E+00	2.2234E-02	1.6400E-02	3.8634E-02	
6.0600E+00	2.2222E-02	1.6400E-02	3.8622E-02	
6.0800E+00	2.2280E-02	1.6500E-02	3.8780E-02	
6.1000E+00	2.2410E-02	1.6700E-02	3.9110E-02	
6.1200E+00	2.2629E-02	1.7000E-02	3.9629E-02	
6.1400E+00	2.2962E-02	1.7400E-02	4.0362E-02	
6.1600E+00	2.3384E-02	2.0100E-02	4.3484E-02	
6.1800E+00	2.3885E-02	2.2700E-02	4.6585E-02	
6.2000E+00	2.8103E-02	2.3900E-02	5.2003E-02	
6.2200E+00	3.0792E-02	2.2700E-02	5.3492E-02	
6.2400E+00	3.2109E-02	2.0300E-02	5.2409E-02	
6.2600E+00	2.8956E-02	2.2100E-02	5.1056E-02	
6.2800E+00	2.7399E-02	2.4500E-02	5.1899E-02	
6.3000E+00	2.9717E-02	2.7600E-02	5.7317E-02	
6.3200E+00	3.3299E-02	3.0600E-02	6.3899E-02	
6.3400E+00	3.7934E-02	3.1800E-02	6.9734E-02	
6.3600E+00	3.9601E-02	3.6400E-02	7.6001E-02	
6.3800E+00	3.9814E-02	3.9300E-02	7.9114E-02	
6.4000E+00	4.8743E-02	4.0300E-02	8.9043E-02	
6.4200E+00	5.1915E-02	4.1400E-02	9.3315E-02	
6.4400E+00	5.3315E-02	4.2600E-02	9.5915E-02	
6.4600E+00	5.4897E-02	4.4000E-02	9.8897E-02	
6.4800E+00	5.6576E-02	4.5400E-02	1.0198E-01	
6.5000E+00	5.8233E-02	4.6800E-02	1.0503E-01	
6.5200E+00	5.9963E-02	4.8400E-02	1.0836E-01	
6.5400E+00	6.1785E-02	5.0300E-02	1.1209E-01	
6.5600E+00	6.3871E-02	5.2600E-02	1.1647E-01	
6.5800E+00	6.6547E-02	5.4800E-02	1.2135E-01	
6.6000E+00	6.9972E-02	5.1900E-02	1.2187E-01	
6.6200E+00	7.4076E-02	4.4700E-02	1.1878E-01	
6.6400E+00	6.8580E-02	4.4400E-02	1.1298E-01	
6.6600E+00	6.1895E-02	4.3800E-02	1.0570E-01	
6.6800E+00	6.0612E-02	4.2800E-02	1.0341E-01	
6.7000E+00	6.0277E-02	4.3900E-02	1.0418E-01	
6.7200E+00	6.4128E-02	5.6100E-02	1.2023E-01	
6.7400E+00	7.3515E-02	5.9700E-02	1.3322E-01	
6.7600E+00	8.7871E-02	6.3600E-02	1.5147E-01	
6.7800E+00	9.1065E-02	6.3800E-02	1.5486E-01	
6.8000E+00	9.2472E-02	6.3900E-02	1.5637E-01	
6.8200E+00	9.3014E-02	6.5500E-02	1.5851E-01	
6.8400E+00	9.5041E-02	6.7700E-02	1.6274E-01	
6.8600E+00	9.8648E-02	7.0400E-02	1.6905E-01	
6.8800E+00	1.0191E-01	7.1800E-02	1.7371E-01	
6.9000E+00	1.0426E-01	7.4900E-02	1.7916E-01	
6.9200E+00	1.0955E-01	7.9900E-02	1.8945E-01	
6.9400E+00	1.1818E-01	8.5300E-02	2.0348E-01	
6.9600E+00	1.2787E-01	9.0500E-02	2.1837E-01	
6.9800E+00	1.3491E-01	9.4900E-02	2.2981E-01	
7.0000E+00	1.3636E-01	9.7200E-02	2.3356E-01	
7.0200E+00	1.3806E-01	9.3300E-02	2.3136E-01	
7.0400E+00	1.3270E-01	9.5600E-02	2.2830E-01	
7.0600E+00	1.3711E-01	9.9500E-02	2.3661E-01	
7.0800E+00	1.4303E-01	1.0400E-01	2.4703E-01	
7.1000E+00	1.4993E-01	1.0800E-01	2.5793E-01	
7.1200E+00	1.5783E-01	1.1300E-01	2.7083E-01	
7.1400E+00	1.6566E-01	1.1500E-01	2.8066E-01	
7.1600E+00	1.7184E-01	1.1300E-01	2.8484E-01	
7.1800E+00	1.7116E-01	1.1000E-01	2.8116E-01	
7.2000E+00	1.6534E-01	1.1300E-01	2.7834E-01	
7.2200E+00	1.8103E-01	1.2300E-01	3.0403E-01	
7.2400E+00	2.0086E-01	1.3000E-01	3.3086E-01	
7.2600E+00	2.3406E-01	1.3600E-01	3.7006E-01	
7.2800E+00	2.5780E-01	1.3900E-01	3.9680E-01	
7.3000E+00	2.8219E-01	1.5100E-01	4.3319E-01	
7.3200E+00	2.9401E-01	1.6700E-01	4.6101E-01	
7.3400E+00	2.8036E-01	1.6900E-01	4.4936E-01	
7.3600E+00	2.6904E-01	1.6800E-01	4.3704E-01	
7.3800E+00	2.4675E-01	1.6700E-01	4.1375E-01	
7.4000E+00	2.1311E-01	1.6800E-01	3.8111E-01	
7.4200E+00	2.0005E-01	1.3600E-01	3.3605E-01	
7.4400E+00	1.9565E-01	1.2400E-01	3.1965E-01	
7.4600E+00	1.9760E-01	1.1800E-01	3.1560E-01	
7.4800E+00	1.9990E-01	1.1800E-01	3.1790E-01	
7.5100E+00	1.9962E-01	1.1900E-01	3.1862E-01	
7.5300E+00	1.9629E-01	1.1900E-01	3.1529E-01	
7.5500E+00	1.9499E-01	1.1800E-01	3.1299E-01	
7.5700E+00	1.9693E-01	1.1700E-01	3.1393E-01	
7.5900E+00	2.0222E-01	1.1600E-01	3.1822E-01	
7.6100E+00	2.0923E-01	1.1500E-01	3.2423E-01	
7.6300E+00	2.1846E-01	1.1500E-01	3.3346E-01	
7.6500E+00	2.2009E-01	1.1600E-01	3.3609E-01	
7.6700E+00	2.1343E-01	1.1800E-01	3.3143E-01	
7.6900E+00	2.2015E-01	1.2000E-01	3.4015E-01	
7.7100E+00	2.2534E-01	1.2400E-01	3.4934E-01	
7.7300E+00	2.2617E-01	1.2800E-01	3.5417E-01	
7.7500E+00	2.2192E-01	1.2800E-01	3.4992E-01	
7.7700E+00	2.1665E-01	1.2700E-01	3.4365E-01	
7.7900E+00	2.1442E-01	1.2800E-01	3.4242E-01	
7.8100E+00	2.1653E-01	1.3200E-01	3.4853E-01	
7.8300E+00	2.6231E-01	1.3500E-01	3.9731E-01	
7.8500E+00	1.4515E-01	1.3700E-01	2.8215E-01	
7.8700E+00	1.1701E-01	1.4000E-01	2.5701E-01	
7.8900E+00	1.2612E-01	1.4500E-01	2.7112E-01	
7.9100E+00	1.3329E-01	1.4900E-01	2.8229E-01	
7.9300E+00	1.4067E-01	1.4900E-01	2.8967E-01	
7.9500E+00	1.4817E-01	1.5100E-01	2.9917E-01	
7.9700E+00	1.5547E-01	1.5200E-01	3.0747E-01	
7.9900E+00	1.6214E-01	1.5500E-01	3.1714E-01	
8.0100E+00	1.6514E-01	1.5800E-01	3.2314E-01	
8.0300E+00	1.5908E-01	1.5800E-01	3.1708E-01	
8.0500E+00	1.4641E-01	1.3100E-01	2.7741E-01	
8.0700E+00	1.2971E-01	1.0500E-01	2.3471E-01	
8.0900E+00	1.1764E-01	8.8800E-02	2.0644E-01	
8.1100E+00	1.0944E-01	8.0500E-02	1.8994E-01	
8.1300E+00	1.0242E-01	7.5000E-02	1.7742E-01	
8.1500E+00	9.5999E-02	7.0100E-02	1.6610E-01	
8.1700E+00	9.0282E-02	6.6200E-02	1.5648E-01	
8.1900E+00	8.5401E-02	6.2800E-02	1.4820E-01	
8.2100E+00	8.1531E-02	5.9700E-02	1.4123E-01	
8.2300E+00	7.9112E-02	5.6700E-02	1.3581E-01	
8.2500E+00	7.7499E-02	5.4000E-02	1.3150E-01	
8.2700E+00	7.5871E-02	5.1700E-02	1.2757E-01	
8.2900E+00	7.4229E-02	4.9800E-02	1.2403E-01	
8.3100E+00	7.2573E-02	4.8500E-02	1.2107E-01	
8.3300E+00	7.0902E-02	4.7500E-02	1.1840E-01	
8.3500E+00	6.9217E-02	4.6500E-02	1.1572E-01	
8.3700E+00	6.7518E-02	4.5400E-02	1.1292E-01	
8.3900E+00	6.5806E-02	4.4400E-02	1.1021E-01	
8.4100E+00	6.4081E-02	4.3400E-02	1.0748E-01	
8.4300E+00	6.2342E-02	4.2300E-02	1.0464E-01	
8.4500E+00	6.0590E-02	4.1300E-02	1.0189E-01	
8.4700E+00	5.8825E-02	4.0200E-02	9.9025E-02	
8.4900E+00	5.7049E-02	3.9100E-02	9.6149E-02	
8.5100E+00	5.5365E-02	3.8100E-02	9.3465E-02	
8.5300E+00	5.3894E-02	3.7000E-02	9.0894E-02	
8.5500E+00	5.2689E-02	3.5900E-02	8.8589E-02	
8.5700E+00	5.1827E-02	3.4900E-02	8.6727E-02	
8.5900E+00	5.1155E-02	3.3800E-02	8.4955E-02	
8.6100E+00	5.0530E-02	3.2800E-02	8.3330E-02	
8.6300E+00	4.9954E-02	3.1800E-02	8.1754E-02	
8.6500E+00	4.9427E-02	3.0900E-02	8.0327E-02	
8.6700E+00	4.8978E-02	3.0100E-02	7.9078E-02	
8.6900E+00	4.8683E-02	2.9300E-02	7.7983E-02	
8.7100E+00	4.8549E-02	2.8600E-02	7.7149E-02	
8.7300E+00	4.8575E-02	2.7800E-02	7.6375E-02	
8.7500E+00	4.8592E-02	2.7100E-02	7.5692E-02	
8.7700E+00	4.8593E-02	2.6800E-02	7.5393E-02	
8.7900E+00	4.8578E-02	2.6600E-02	7.5178E-02	
8.8100E+00	4.8548E-02	2.6500E-02	7.5048E-02	
8.8300E+00	4.8501E-02	2.6300E-02	7.4801E-02	
8.8500E+00	4.8439E-02	2.6200E-02	7.4639E-02	
8.8700E+00	4.8361E-02	2.6000E-02	7.4361E-02	
8.8900E+00	4.8267E-02	2.5900E-02	7.4167E-02	
8.9100E+00	4.8158E-02	2.5700E-02	7.3858E-02	
8.9300E+00	4.8032E-02	2.5600E-02	7.3632E-02	
8.9500E+00	4.7891E-02	2.5400E-02	7.3291E-02	
8.9700E+00	4.7735E-02	2.5200E-02	7.2935E-02	
8.9900E+00	4.7562E-02	2.5100E-02	7.2662E-02	
9.0100E+00	4.7374E-02	2.4900E-02	7.2274E-02	
9.0300E+00	4.7171E-02	2.4700E-02	7.1871E-02	
9.0500E+00	4.6951E-02	2.4500E-02	7.1451E-02	
9.0700E+00	4.6717E-02	2.4400E-02	7.1117E-02	
9.0900E+00	4.7316E-02	2.4200E-02	7.1516E-02	
9.1100E+00	5.8822E-02	2.4000E-02	8.2822E-02	
9.1300E+00	6.8765E-02	2.3800E-02	9.2565E-02	
9.1500E+00	7.7906E-02	2.3600E-02	1.0151E-01	
9.1700E+00	8.6606E-02	2.3400E-02	1.1001E-01	
9.1900E+00	1.0441E-01	2.3200E-02	1.2761E-01	
9.2100E+00	1.1219E-01	2.3000E-02	1.3519E-01	
9.2300E+00	1.1581E-01	2.2800E-02	1.3861E-01	
9.2500E+00	1.1983E-01	2.3400E-02	1.4323E-01	
9.2700E+00	1.2387E-01	2.5400E-02	1.4927E-01	
9.2900E+00	1.2254E-01	3.1300E-02	1.5384E-01	
9.3100E+00	1.2310E-01	3.6600E-02	1.5970E-01	
9.3300E+00	1.2438E-01	4.1600E-02	1.6598E-01	
9.3500E+00	1.2560E-01	4.6200E-02	1.7180E-01	
9.3700E+00	1.2674E-01	5.1600E-02	1.7834E-01	
9.3900E+00	1.2782E-01	5.9200E-02	1.8702E-01	
9.4100E+00	1.2885E-01	6.0100E-02	1.8895E-01	
9.4300E+00	1.2995E-01	6.0200E-02	1.9015E-01	
9.4500E+00	1.3099E-01	6.0300E-02	1.9129E-01	
9.4700E+00	1.3247E-01	6.0500E-02	1.9297E-01	
9.4900E+00	1.3786E-01	6.1200E-02	1.9906E-01	
9.5100E+00	1.6223E-01	6.2600E-02	2.2483E-01	
9.5300E+00	1.7412E-01	6.4100E-02	2.3822E-01	
9.5500E+00	1.7559E-01	6.5700E-02	2.4129E-01	
9.5700E+00	1.7594E-01	6.7300E-02	2.4324E-01	
9.5900E+00	1.7669E-01	6.9000E-02	2.4569E-01	
9.6100E+00	1.8096E-01	7.0600E-02	2.5156E-01	
9.6300E+00	1.8763E-01	7.2400E-02	2.6003E-01	
9.6500E+00	1.9514E-01	7.4100E-02	2.6924E-01	
9.6700E+00	2.1087E-01	7.6400E-02	2.8727E-01	
9.6900E+00	2.4392E-01	8.0500E-02	3.2442E-01	
9.7100E+00	2.6139E-01	9.1000E-02	3.5239E-01	
9.7300E+00	2.3775E-01	9.8400E-02	3.3615E-01	
9.7500E+00	2.0472E-01	1.0200E-01	3.0672E-01	
9.7700E+00	2.0693E-01	1.0000E-01	3.0693E-01	
9.7900E+00	2.1125E-01	9.7400E-02	3.0865E-01	
9.8100E+00	2.1770E-01	9.5600E-02	3.1330E-01	
9.8300E+00	2.2625E-01	9.5600E-02	3.2185E-01	
9.8500E+00	2.3793E-01	9.7300E-02	3.3523E-01	
9.8700E+00	2.5379E-01	1.0400E-01	3.5779E-01	
9.8900E+00	2.7610E-01	1.1200E-01	3.8810E-01	
9.9100E+00	3.0105E-01	1.1400E-01	4.1505E-01	
9.9300E+00	3.2085E-01	1.0400E-01	4.2485E-01	
9.9500E+00	3.4449E-01	8.7800E-02	4.3229E-01	
9.9700E+00	4.0670E-01	8.2400E-02	4.8910E-01	
9.9900E+00	4.0497E-01	8.0200E-02	4.8517E-01	
1.0000E+01	4.0450E-01	7.9700E-02	4.8420E-01	
1.0000E+01	4.1131E-01	8.0600E-02	4.9191E-01	
1.0000E+01	4.1919E-01	8.2900E-02	5.0209E-01	
1.0100E+01	4.2675E-01	8.6400E-02	5.1315E-01	
1.0100E+01	4.4377E-01	9.1200E-02	5.3497E-01	
1.0100E+01	4.6596E-01	9.7300E-02	5.6326E-01	
1.0100E+01	4.8497E-01	1.0400E-01	5.8897E-01	
1.0100E+01	5.0184E-01	1.1100E-01	6.1284E-01	
1.0200E+01	5.2545E-01	1.1900E-01	6.4445E-01	
1.0200E+01	5.5800E-01	1.2700E-01	6.8500E-01	
1.0200E+01	5.9495E-01	1.3500E-01	7.2995E-01	
1.0200E+01	6.2421E-01	1.4300E-01	7.6721E-01	
1.0200E+01	6.2998E-01	1.4800E-01	7.7798E-01	
1.0300E+01	6.4331E-01	1.5500E-01	7.9831E-01	
1.0300E+01	6.6333E-01	1.6400E-01	8.2733E-01	
1.0300E+01	6.7844E-01	1.7500E-01	8.5344E-01	
1.0300E+01	6.9311E-01	1.8800E-01	8.8111E-01	
1.0300E+01	7.1990E-01	2.0300E-01	9.2290E-01	
1.0400E+01	7.7367E-01	2.2000E-01	9.9367E-01	
1.0400E+01	8.3054E-01	2.3900E-01	1.0695E+00	
1.0400E+01	8.5150E-01	2.5900E-01	1.1105E+00	
1.0400E+01	8.1709E-01	2.7400E-01	1.0911E+00	
1.0400E+01	7.5240E-01	2.9000E-01	1.0424E+00	
1.0500E+01	7.5625E-01	2.9200E-01	1.0483E+00	
1.0500E+01	7.5121E-01	2.9900E-01	1.0502E+00	
1.0500E+01	7.6292E-01	3.1000E-01	1.0729E+00	
1.0500E+01	7.6758E-01	3.2000E-01	1.0876E+00	
1.0500E+01	8.3230E-01	3.2800E-01	1.1603E+00	
1.0600E+01	8.0809E-01	3.3300E-01	1.1411E+00	
1.0600E+01	7.8482E-01	3.3700E-01	1.1218E+00	
1.0600E+01	7.7587E-01	3.3900E-01	1.1149E+00	
1.0600E+01	7.8198E-01	3.4000E-01	1.1220E+00	
1.0600E+01	7.8033E-01	3.4000E-01	1.1203E+00	
1.0700E+01	7.7387E-01	3.4700E-01	1.1209E+00	
1.0700E+01	7.7286E-01	3.6100E-01	1.1339E+00	
1.0700E+01	8.2329E-01	3.7600E-01	1.1993E+00	
1.0700E+01	8.6023E-01	3.9300E-01	1.2532E+00	
1.0700E+01	8.9961E-01	4.1700E-01	1.3166E+00	
1.0800E+01	9.5816E-01	4.3600E-01	1.3942E+00	
1.0800E+01	1.0499E+00	4.4200E-01	1.4919E+00	
1.0800E+01	1.1289E+00	4.3600E-01	1.5649E+00	
1.0800E+01	1.2105E+00	4.2300E-01	1.6335E+00	
1.0800E+01	1.3139E+00	4.0500E-01	1.7189E+00	
1.0900E+01	1.4073E+00	3.8200E-01	1.7893E+00	
1.0900E+01	1.5304E+00	3.5600E-01	1.8864E+00	
1.0900E+01	1.7214E+00	3.4300E-01	2.0644E+00	
1.0900E+01	2.1530E+00	3.3400E-01	2.4870E+00	
1.0900E+01	3.0411E+00	3.2300E-01	3.3641E+00	
1.1000E+01	3.8937E+00	3.1600E-01	4.2097E+00	
1.1000E+01	3.2835E+00	3.1200E-01	3.5955E+00	
1.1000E+01	2.8489E+00	3.0600E-01	3.1549E+00	
1.1000E+01	2.2286E+00	3.0100E-01	2.5296E+00	
1.1000E+01	1.5651E+00	2.9800E-01	1.8631E+00	
1.1100E+01	1.2901E+00	2.9600E-01	1.5861E+00	
1.1100E+01	1.1360E+00	2.9300E-01	1.4290E+00	
1.1100E+01	1.2894E+00	2.9600E-01	1.5854E+00	
1.1100E+01	1.3576E+00	3.0200E-01	1.6596E+00	
1.1100E+01	1.6465E+00	3.0800E-01	1.9545E+00	
1.1200E+01	1.9955E+00	3.1700E-01	2.3125E+00	
1.1200E+01	2.3030E+00	3.2600E-01	2.6290E+00	
1.1200E+01	2.4795E+00	3.3600E-01	2.8155E+00	
1.1200E+01	2.6560E+00	3.4600E-01	3.0020E+00	
1.1200E+01	2.8699E+00	3.5600E-01	3.2259E+00	
1.1300E+01	3.1449E+00	3.6800E-01	3.5129E+00	
1.1300E+01	3.2270E+00	3.8200E-01	3.6090E+00	
1.1300E+01	3.0063E+00	3.9500E-01	3.4013E+00	
1.1300E+01	2.6384E+00	4.1100E-01	3.0494E+00	
1.1300E+01	2.2695E+00	4.4300E-01	2.7125E+00	
1.1400E+01	2.0061E+00	4.8200E-01	2.4881E+00	
1.1400E+01	2.2466E+00	5.1500E-01	2.7616E+00	
1.1400E+01	4.9912E+00	5.4300E-01	5.5342E+00	
1.1400E+01	4.6776E+00	5.7000E-01	5.2476E+00	
1.1400E+01	3.9659E+00	5.9500E-01	4.5609E+00	
1.1500E+01	3.8623E+00	6.2500E-01	4.4873E+00	
1.1500E+01	3.2491E+00	6.6500E-01	3.9141E+00	
1.1500E+01	2.7504E+00	7.2000E-01	3.4704E+00	
1.1500E+01	2.6620E+00	7.9100E-01	3.4530E+00	
1.1500E+01	3.0300E+00	8.4500E-01	3.8750E+00	
1.1600E+01	3.6094E+00	8.2000E-01	4.4294E+00	
1.1600E+01	4.7642E+00	7.8700E-01	5.5512E+00	
1.1600E+01	5.8785E+00	7.5200E-01	6.6305E+00	
1.1600E+01	5.5120E+00	6.6000E-01	6.1720E+00	
1.1600E+01	5.0534E+00	6.1500E-01	5.6684E+00	
1.1700E+01	4.6126E+00	5.9200E-01	5.2046E+00	
1.1700E+01	4.4250E+00	5.8300E-01	5.0080E+00	
1.1700E+01	4.9061E+00	5.8000E-01	5.4861E+00	
1.1700E+01	6.1235E+00	5.7800E-01	6.7015E+00	
1.1700E+01	7.4877E+00	5.7300E-01	8.0607E+00	
1.1800E+01	5.2933E+00	5.6800E-01	5.8613E+00	
1.1800E+01	4.1012E+00	5.6500E-01	4.6662E+00	
1.1800E+01	3.8291E+00	5.5000E-01	4.3791E+00	
1.1800E+01	3.1725E+00	5.6400E-01	3.7365E+00	
1.1800E+01	2.9487E+00	5.8600E-01	3.5347E+00	
1.1900E+01	3.2455E+00	6.3300E-01	3.8785E+00	
1.1900E+01	3.5284E+00	7.1400E-01	4.2424E+00	
1.1900E+01	3.7429E+00	8.2200E-01	4.5649E+00	
1.1900E+01	4.3891E+00	9.3100E-01	5.3201E+00	
1.1900E+01	4.9548E+00	8.7900E-01	5.8338E+00	
1.2000E+01	5.3802E+00	8.0700E-01	6.1872E+00	
1.2000E+01	6.2717E+00	8.2200E-01	7.0937E+00	
1.2000E+01	6.0536E+00	8.2400E-01	6.8776E+00	
1.2000E+01	6.3947E+00	8.7300E-01	7.2677E+00	
1.2000E+01	5.5215E+00	9.6800E-01	6.4895E+00	
1.2100E+01	4.6319E+00	1.0800E+00	5.7119E+00	
1.2100E+01	4.0074E+00	1.1900E+00	5.1974E+00	
1.2100E+01	4.4066E+00	1.2900E+00	5.6966E+00	
1.2100E+01	4.4108E+00	1.4200E+00	5.8308E+00	
1.2100E+01	4.4620E+00	1.5900E+00	6.0520E+00	
1.2200E+01	4.0448E+00	1.7500E+00	5.7948E+00	
1.2200E+01	4.3909E+00	1.6100E+00	6.0009E+00	
1.2200E+01	4.9410E+00	1.4100E+00	6.3510E+00	
1.2200E+01	6.1651E+00	1.2700E+00	7.4351E+00	
1.2200E+01	1.0741E+01	1.0800E+00	1.1821E+01	
1.2300E+01	1.0991E+01	7.8500E-01	1.1776E+01	
1.2300E+01	7.9694E+00	6.7300E-01	8.6424E+00	
1.2300E+01	6.0123E+00	5.6700E-01	6.5793E+00	
1.2300E+01	4.6389E+00	5.6000E-01	5.1989E+00	
1.2300E+01	5.6895E+00	6.2500E-01	6.3145E+00	
1.2400E+01	7.1457E+00	7.4600E-01	7.8917E+00	
1.2400E+01	4.6573E+00	9.0400E-01	5.5613E+00	
1.2400E+01	5.0596E+00	1.2200E+00	6.2796E+00	
1.2400E+01	8.0592E+00	1.1800E+00	9.2392E+00	
1.2400E+01	7.3180E+00	1.1500E+00	8.4680E+00	
1.2500E+01	5.3595E+00	1.1300E+00	6.4895E+00	
1.2500E+01	4.5407E+00	1.0900E+00	5.6307E+00	
1.2500E+01	5.3485E+00	1.0900E+00	6.4385E+00	
1.2500E+01	1.1431E+01	1.1400E+00	1.2571E+01	
1.2600E+01	9.4888E+00	1.1400E+00	1.0629E+01	
1.2600E+01	8.1177E+00	1.2100E+00	9.3277E+00	
1.2600E+01	6.7862E+00	1.6200E+00	8.4062E+00	
1.2600E+01	6.7634E+00	2.0400E+00	8.8034E+00	
1.2600E+01	5.8892E+00	2.1600E+00	8.0492E+00	
1.2700E+01	6.7264E+00	2.1400E+00	8.8664E+00	
1.2700E+01	9.3823E+00	2.2100E+00	1.1592E+01	
1.2700E+01	6.7501E+00	2.2100E+00	8.9601E+00	
1.2700E+01	7.1069E+00	2.3500E+00	9.4569E+00	
1.2700E+01	8.3393E+00	2.8100E+00	1.1149E+01	
1.2800E+01	6.5469E+00	3.2100E+00	9.7569E+00	
1.2800E+01	6.1967E+00	3.3000E+00	9.4967E+00	
1.2800E+01	8.4085E+00	3.9700E+00	1.2378E+01	
1.2800E+01	1.0442E+01	4.5000E+00	1.4942E+01	
1.2800E+01	1.0612E+01	3.7400E+00	1.4352E+01	
1.2900E+01	4.6450E+00	4.1000E+00	8.7450E+00	
1.2900E+01	7.1389E+00	5.3000E+00	1.2439E+01	
1.2900E+01	9.6392E+00	6.3600E+00	1.5999E+01	
1.2900E+01	9.7105E+00	5.3700E+00	1.5080E+01	
1.2900E+01	8.6777E+00	3.9400E+00	1.2618E+01	
1.3000E+01	1.0335E+01	2.3800E+00	1.2715E+01	
1.3000E+01	1.1027E+01	1.8500E+00	1.2877E+01	
1.3000E+01	8.8682E+00	1.4100E+00	1.0278E+01	
1.3000E+01	9.8935E+00	1.5900E+00	1.1483E+01	
1.3000E+01	1.3636E+01	2.4000E+00	1.6036E+01	
1.3100E+01	7.8580E+00	3.2100E+00	1.1068E+01	
1.3100E+01	5.6202E+00	4.4300E+00	1.0050E+01	
1.3100E+01	7.0770E+00	4.4700E+00	1.1547E+01	
1.3100E+01	6.5651E+00	4.8500E+00	1.1415E+01	
1.3100E+01	1.2165E+01	5.1300E+00	1.7295E+01	
1.3200E+01	1.1920E+01	5.3200E+00	1.7240E+01	
1.3200E+01	9.9855E+00	5.0600E+00	1.5046E+01	
1.3200E+01	8.4786E+00	4.3200E+00	1.2799E+01	
1.3200E+01	8.9101E+00	3.6200E+00	1.2530E+01	
1.3200E+01	9.6816E+00	3.1000E+00	1.2782E+01	
1.3300E+01	1.0390E+01	2.6100E+00	1.3000E+01	
1.3300E+01	8.8373E+00	2.8300E+00	1.1667E+01	
1.3300E+01	1.1108E+01	3.0400E+00	1.4148E+01	
1.3300E+01	1.0946E+01	3.1500E+00	1.4096E+01	
1.3300E+01	1.3960E+01	3.1700E+00	1.7130E+01	
1.3400E+01	9.8433E+00	2.8800E+00	1.2723E+01	
1.3400E+01	8.9280E+00	2.6600E+00	1.1588E+01	
1.3400E+01	7.5183E+00	2.5800E+00	1.0098E+01	
1.3400E+01	6.2525E+00	2.7600E+00	9.0125E+00	
1.3400E+01	6.3266E+00	3.2000E+00	9.5266E+00	
1.3500E+01	4.7071E+00	3.4600E+00	8.1671E+00	
1.3500E+01	3.9444E+00	3.1800E+00	7.1244E+00	
1.3500E+01	5.7812E+00	3.5100E+00	9.2912E+00	
1.3500E+01	7.4957E+00	4.1300E+00	1.1626E+01	
1.3500E+01	8.0861E+00	4.4300E+00	1.2516E+01	
1.3600E+01	8.4500E+00	4.3000E+00	1.2750E+01	
1.3600E+01	9.5375E+00	4.7800E+00	1.4317E+01	
1.3600E+01	8.1084E+00	5.6900E+00	1.3798E+01	
1.3600E+01	8.3084E+00	5.1400E+00	1.3448E+01	
1.3600E+01	1.0219E+01	6.4400E+00	1.6659E+01	
1.3700E+01	1.1531E+01	4.0100E+00	1.5541E+01	
1.3700E+01	9.6646E+00	3.3300E+00	1.2995E+01	
1.3700E+01	7.7945E+00	4.1500E+00	1.1945E+01	
1.3700E+01	6.2950E+00	5.8200E+00	1.2115E+01	
1.3700E+01	8.0151E+00	1.1000E+01	1.9015E+01	
1.3800E+01	1.1421E+01	8.5800E+00	2.0001E+01	
1.3800E+01	1.3053E+01	6.2900E+00	1.9343E+01	
1.3800E+01	8.2099E+00	6.7000E+00	1.4910E+01	
1.3800E+01	9.8595E+00	6.5200E+00	1.6379E+01	
1.3800E+01	1.2463E+01	7.5500E+00	2.0013E+01	
1.3900E+01	1.3531E+01	7.5500E+00	2.1081E+01	
1.3900E+01	8.1640E+00	6.6300E+00	1.4794E+01	
1.3900E+01	8.4076E+00	6.6800E+00	1.5088E+01	
1.3900E+01	7.9183E+00	5.4400E+00	1.3358E+01	
1.3900E+01	9.8243E+00	5.4900E+00	1.5314E+01	
1.4000E+01	1.1331E+01	5.0900E+00	1.6421E+01	
1.4000E+01	8.3789E+00	4.8800E+00	1.3259E+01	
1.4000E+01	6.4860E+00	5.0200E+00	1.1506E+01	
1.4000E+01	8.5708E+00	4.8000E+00	1.3371E+01	
1.4000E+01	1.1486E+01	5.0400E+00	1.6526E+01	
1.4100E+01	1.0574E+01	5.4400E+00	1.6014E+01	
1.4100E+01	8.4317E+00	5.7300E+00	1.4162E+01	
1.4100E+01	6.2212E+00	5.7300E+00	1.1951E+01	
1.4100E+01	6.2104E+00	5.5400E+00	1.1750E+01	
1.4100E+01	4.7984E+00	4.9700E+00	9.7684E+00	
1.4200E+01	5.0285E+00	4.5000E+00	9.5285E+00	
1.4200E+01	4.6919E+00	4.3500E+00	9.0419E+00	
1.4200E+01	5.0153E+00	4.1600E+00	9.1753E+00	
1.4200E+01	7.6557E+00	4.5200E+00	1.2176E+01	
1.4200E+01	9.9134E+00	4.8600E+00	1.4773E+01	
1.4300E+01	6.1713E+00	5.3400E+00	1.1511E+01	
1.4300E+01	6.1800E+00	5.7700E+00	1.1950E+01	
1.4300E+01	6.7391E+00	6.1800E+00	1.2919E+01	
1.4300E+01	5.4424E+00	5.7300E+00	1.1172E+01	
1.4300E+01	5.3615E+00	5.7400E+00	1.1101E+01	
1.4400E+01	6.0064E+00	4.6000E+00	1.0606E+01	
1.4400E+01	5.3173E+00	4.7400E+00	1.0057E+01	
1.4400E+01	6.8558E+00	3.8000E+00	1.0656E+01	
1.4400E+01	7.6100E+00	5.5000E+00	1.3110E+01	
1.4400E+01	7.6050E+00	6.6000E+00	1.4205E+01	
1.4500E+01	8.0266E+00	6.7900E+00	1.4817E+01	
1.4500E+01	7.2102E+00	6.0300E+00	1.3240E+01	
1.4500E+01	6.7046E+00	5.3800E+00	1.2085E+01	
1.4500E+01	6.7985E+00	5.4200E+00	1.2219E+01	
1.4500E+01	6.4986E+00	6.7600E+00	1.3259E+01	
1.4600E+01	6.4890E+00	7.4200E+00	1.3909E+01	
1.4600E+01	5.6688E+00	6.5300E+00	1.2199E+01	
1.4600E+01	4.9169E+00	5.2100E+00	1.0127E+01	
1.4600E+01	4.2482E+00	7.9000E+00	1.2148E+01	
1.4600E+01	3.5862E+00	1.0300E+01	1.3886E+01	
1.4700E+01	2.9155E+00	1.3400E+01	1.6315E+01	
1.4700E+01	2.8593E+00	8.9300E+00	1.1789E+01	
1.4700E+01	3.0421E+00	5.3700E+00	8.4121E+00	
1.4700E+01	3.1376E+00	4.2200E+00	7.3576E+00	
1.4700E+01	3.2035E+00	3.2600E+00	6.4635E+00	
1.4800E+01	4.0202E+00	2.9800E+00	7.0002E+00	
1.4800E+01	4.1914E+00	4.8100E+00	9.0014E+00	
1.4800E+01	4.1374E+00	7.9300E+00	1.2067E+01	
1.4800E+01	3.7342E+00	5.6200E+00	9.3542E+00	
1.4800E+01	3.2642E+00	5.4100E+00	8.6742E+00	
1.4900E+01	2.3944E+00	5.5500E+00	7.9444E+00	
1.4900E+01	2.2532E+00	4.4400E+00	6.6932E+00	
1.4900E+01	2.1498E+00	4.2700E+00	6.4198E+00	
1.4900E+01	2.0417E+00	4.2100E+00	6.2517E+00	
1.4900E+01	1.8590E+00	4.2500E+00	6.1090E+00	
1.5000E+01	1.5870E+00	4.4800E+00	6.0670E+00	
1.5000E+01	1.4386E+00	5.7200E+00	7.1586E+00	
1.5000E+01	1.3531E+00	5.8400E+00	7.1931E+00	
1.5000E+01	1.3208E+00	6.3100E+00	7.6308E+00	
1.5000E+01	1.3402E+00	5.5100E+00	6.8502E+00	
1.5100E+01	1.4175E+00	5.4200E+00	6.8375E+00	
1.5100E+01	1.7760E+00	2.6900E+00	4.4660E+00	
1.5100E+01	2.2782E+00	1.0700E+00	3.3482E+00	
1.5100E+01	2.6278E+00	2.6200E+00	5.2478E+00	
1.5100E+01	2.8615E+00	6.0000E+00	8.8615E+00	
1.5200E+01	2.4411E+00	6.7900E+00	9.2311E+00	
1.5200E+01	2.7398E+00	6.1600E+00	8.8998E+00	
1.5200E+01	2.7564E+00	3.6200E+00	6.3764E+00	
1.5200E+01	2.6341E+00	2.0700E+00	4.7041E+00	
1.5200E+01	2.6173E+00	1.6000E+00	4.2173E+00	
1.5300E+01	2.6596E+00	1.3300E+00	3.9896E+00	
1.5300E+01	2.7596E+00	1.1100E+00	3.8696E+00	
1.5300E+01	2.9561E+00	9.2500E-01	3.8811E+00	
1.5300E+01	3.0882E+00	8.0300E-01	3.8912E+00	
1.5300E+01	3.3440E+00	7.2100E-01	4.0650E+00	
1.5400E+01	3.0021E+00	6.5100E-01	3.6531E+00	
1.5400E+01	2.7148E+00	7.0300E-01	3.4178E+00	
1.5400E+01	2.6057E+00	9.8900E-01	3.5947E+00	
1.5400E+01	1.9683E+00	1.3800E+00	3.3483E+00	
1.5400E+01	1.8107E+00	1.5600E+00	3.3707E+00	
1.5500E+01	1.5264E+00	1.8300E+00	3.3564E+00	
1.5500E+01	1.4764E+00	1.8200E+00	3.2964E+00	
1.5500E+01	1.4614E+00	2.1100E+00	3.5714E+00	
1.5500E+01	1.4332E+00	2.7400E+00	4.1732E+00	
1.5500E+01	1.3775E+00	2.9100E+00	4.2875E+00	
1.5600E+01	1.3398E+00	3.1600E+00	4.4998E+00	
1.5600E+01	1.3222E+00	3.5700E+00	4.8922E+00	
1.5600E+01	1.3213E+00	4.2200E+00	5.5413E+00	
1.5600E+01	1.3470E+00	4.4800E+00	5.8270E+00	
1.5600E+01	1.3778E+00	4.6300E+00	6.0078E+00	
1.5700E+01	1.4320E+00	4.8000E+00	6.2320E+00	
1.5700E+01	1.4911E+00	5.0800E+00	6.5711E+00	
1.5700E+01	1.5547E+00	6.0100E+00	7.5647E+00	
1.5700E+01	1.6246E+00	7.4500E+00	9.0746E+00	
1.5700E+01	1.6835E+00	7.8500E+00	9.5335E+00	
1.5800E+01	1.7341E+00	8.0600E+00	9.7941E+00	
1.5800E+01	1.7831E+00	8.0200E+00	9.8031E+00	
1.5800E+01	1.8391E+00	8.6000E+00	1.0439E+01	
1.5800E+01	1.8989E+00	8.9300E+00	1.0829E+01	
1.5800E+01	1.8429E+00	8.1400E+00	9.9829E+00	
1.5900E+01	1.8378E+00	7.5600E+00	9.3978E+00	
1.5900E+01	1.8942E+00	7.0900E+00	8.9842E+00	
1.5900E+01	1.7986E+00	6.4900E+00	8.2886E+00	
1.5900E+01	1.6787E+00	5.7900E+00	7.4687E+00	
1.5900E+01	1.6067E+00	8.8300E+00	1.0437E+01	
1.6000E+01	1.4719E+00	1.2500E+01	1.3972E+01	
1.6000E+01	1.3622E+00	1.4300E+01	1.5662E+01	
1.6000E+01	1.2898E+00	8.2100E+00	9.4998E+00	
1.6000E+01	1.2604E+00	7.0500E+00	8.3104E+00	
1.6000E+01	1.2860E+00	8.1400E+00	9.4260E+00	
1.6100E+01	1.2666E+00	1.1500E+01	1.2767E+01	
1.6100E+01	1.2299E+00	1.2500E+01	1.3730E+01	
1.6100E+01	1.1766E+00	1.2700E+01	1.3877E+01	
1.6100E+01	1.1343E+00	9.4200E+00	1.0554E+01	
1.6100E+01	1.1066E+00	9.2100E+00	1.0317E+01	
1.6200E+01	1.1026E+00	1.3200E+01	1.4303E+01	
1.6200E+01	1.0985E+00	1.0000E+01	1.1098E+01	
1.6200E+01	1.1042E+00	8.5000E+00	9.6042E+00	
1.6200E+01	1.0908E+00	7.0900E+00	8.1808E+00	
1.6200E+01	1.0562E+00	8.2000E+00	9.2562E+00	
1.6300E+01	1.0243E+00	9.6800E+00	1.0704E+01	
1.6300E+01	1.0060E+00	1.3100E+01	1.4106E+01	
1.6300E+01	9.9102E-01	1.1900E+01	1.2891E+01	
1.6300E+01	9.7877E-01	1.0900E+01	1.1879E+01	
1.6300E+01	9.6931E-01	1.4100E+01	1.5069E+01	
1.6400E+01	9.5502E-01	1.3100E+01	1.4055E+01	
1.6400E+01	9.2963E-01	1.0100E+01	1.1030E+01	
1.6400E+01	9.0419E-01	8.7500E+00	9.6542E+00	
1.6400E+01	8.8304E-01	8.9400E+00	9.8230E+00	
1.6400E+01	8.5368E-01	9.8800E+00	1.0734E+01	
1.6500E+01	8.2141E-01	7.3900E+00	8.2114E+00	
1.6500E+01	8.0427E-01	1.0200E+01	1.1004E+01	
1.6500E+01	7.7111E-01	9.0100E+00	9.7811E+00	
1.6500E+01	7.3565E-01	8.9700E+00	9.7057E+00	
1.6500E+01	7.1440E-01	8.2900E+00	9.0044E+00	
1.6600E+01	7.2175E-01	1.0600E+01	1.1322E+01	
1.6600E+01	6.9317E-01	6.8600E+00	7.5532E+00	
1.6600E+01	6.6458E-01	6.7800E+00	7.4446E+00	
1.6600E+01	6.5098E-01	5.7700E+00	6.4210E+00	
1.6600E+01	6.4823E-01	6.0700E+00	6.7182E+00	
1.6700E+01	6.4843E-01	6.4700E+00	7.1184E+00	
1.6700E+01	6.5069E-01	6.3300E+00	6.9807E+00	
1.6700E+01	6.6429E-01	5.1700E+00	5.8343E+00	
1.6700E+01	6.8100E-01	5.1600E+00	5.8410E+00	
1.6700E+01	7.0729E-01	4.2900E+00	4.9973E+00	
1.6800E+01	7.2963E-01	5.8700E+00	6.5996E+00	
1.6800E+01	7.3440E-01	5.5400E+00	6.2744E+00	
1.6800E+01	7.4491E-01	5.3200E+00	6.0649E+00	
1.6800E+01	7.4755E-01	5.7400E+00	6.4875E+00	
1.6800E+01	7.4365E-01	7.0000E+00	7.7437E+00	
1.6900E+01	7.5412E-01	7.3600E+00	8.1141E+00	
1.6900E+01	7.3720E-01	6.4800E+00	7.2172E+00	
1.6900E+01	7.0983E-01	6.3000E+00	7.0098E+00	
1.6900E+01	6.7529E-01	5.4300E+00	6.1053E+00	
1.6900E+01	6.3366E-01	5.0600E+00	5.6937E+00	
1.7000E+01	5.9029E-01	3.1600E+00	3.7503E+00	
1.7000E+01	5.5516E-01	2.6700E+00	3.2252E+00	
1.7000E+01	5.2327E-01	3.0600E+00	3.5833E+00	
1.7000E+01	5.0634E-01	3.0400E+00	3.5463E+00	
1.7000E+01	5.2420E-01	2.9200E+00	3.4442E+00	
1.7100E+01	6.0951E-01	2.9100E+00	3.5195E+00	
1.7100E+01	6.4894E-01	3.0500E+00	3.6989E+00	
1.7100E+01	6.7088E-01	3.0300E+00	3.7009E+00	
1.7100E+01	6.9678E-01	2.8100E+00	3.5068E+00	
1.7100E+01	7.5987E-01	2.7900E+00	3.5499E+00	
1.7200E+01	8.2659E-01	2.8400E+00	3.6666E+00	
1.7200E+01	8.0817E-01	2.8800E+00	3.6882E+00	
1.7200E+01	7.9135E-01	2.7200E+00	3.5113E+00	
1.7200E+01	7.0889E-01	2.5500E+00	3.2589E+00	
1.7200E+01	6.1831E-01	2.5200E+00	3.1383E+00	
1.7300E+01	5.7435E-01	2.8300E+00	3.4043E+00	
1.7300E+01	5.3407E-01	3.0400E+00	3.5741E+00	
1.7300E+01	4.9402E-01	2.8700E+00	3.3640E+00	
1.7300E+01	4.6867E-01	2.5000E+00	2.9687E+00	
1.7300E+01	4.5046E-01	2.3700E+00	2.8205E+00	
1.7400E+01	4.3924E-01	2.3200E+00	2.7592E+00	
1.7400E+01	4.3320E-01	2.3200E+00	2.7532E+00	
1.7400E+01	4.2926E-01	2.1700E+00	2.5993E+00	
1.7400E+01	4.2650E-01	2.2600E+00	2.6865E+00	
1.7400E+01	4.2193E-01	2.4700E+00	2.8919E+00	
1.7500E+01	4.0716E-01	2.5700E+00	2.9772E+00	
1.7500E+01	3.9770E-01	2.5200E+00	2.9177E+00	
1.7500E+01	3.9580E-01	2.4200E+00	2.8158E+00	
1.7500E+01	4.0028E-01	2.4100E+00	2.8103E+00	
1.7500E+01	4.4007E-01	2.3900E+00	2.8301E+00	
1.7600E+01	5.0071E-01	2.2900E+00	2.7907E+00	
1.7600E+01	4.6484E-01	2.0500E+00	2.5148E+00	
1.7600E+01	4.5854E-01	1.7000E+00	2.1585E+00	
1.7600E+01	4.5494E-01	1.5700E+00	2.0249E+00	
1.7600E+01	4.5183E-01	1.6800E+00	2.1318E+00	
1.7700E+01	4.5019E-01	1.7500E+00	2.2002E+00	
1.7700E+01	4.4999E-01	1.8000E+00	2.2500E+00	
1.7700E+01	4.4916E-01	1.8600E+00	2.3092E+00	
1.7700E+01	4.4751E-01	1.8500E+00	2.2975E+00	
1.7700E+01	4.4512E-01	1.7600E+00	2.2051E+00	
1.7800E+01	4.4157E-01	1.8400E+00	2.2816E+00	
1.7800E+01	4.3660E-01	1.8400E+00	2.2766E+00	
1.7800E+01	4.3175E-01	1.7600E+00	2.1917E+00	
1.7800E+01	4.2755E-01	1.7600E+00	2.1876E+00	
1.7800E+01	4.2430E-01	1.6100E+00	2.0343E+00	
1.7900E+01	4.2216E-01	1.5800E+00	2.0022E+00	
1.7900E+01	4.2091E-01	1.4400E+00	1.8609E+00	
1.7900E+01	4.2068E-01	1.2800E+00	1.7007E+00	
1.7900E+01	4.2195E-01	1.1700E+00	1.5919E+00	
1.7900E+01	4.2525E-01	1.1100E+00	1.5352E+00	
1.8000E+01	4.2035E-01	1.0800E+00	1.5004E+00	
1.8000E+01	4.2633E-01	1.0900E+00	1.5163E+00	
1.8000E+01	4.6001E-01	1.1600E+00	1.6200E+00	
1.8000E+01	5.0581E-01	1.3000E+00	1.8058E+00	
1.8000E+01	5.3639E-01	1.5100E+00	2.0464E+00	
1.8100E+01	5.3561E-01	1.6700E+00	2.2056E+00	
1.8100E+01	4.7948E-01	1.7000E+00	2.1795E+00	
1.8100E+01	4.3857E-01	1.7100E+00	2.1486E+00	
1.8100E+01	4.3410E-01	1.7600E+00	2.1941E+00	
1.8100E+01	4.1852E-01	1.5800E+00	1.9985E+00	
1.8200E+01	3.8867E-01	1.4700E+00	1.8587E+00	
1.8200E+01	3.7635E-01	1.3700E+00	1.7463E+00	
1.8200E+01	3.7214E-01	1.2800E+00	1.6521E+00	
1.8200E+01	3.7112E-01	1.1900E+00	1.5611E+00	
1.8200E+01	3.7149E-01	1.0900E+00	1.4615E+00	
1.8300E+01	3.7044E-01	1.0400E+00	1.4104E+00	
1.8300E+01	3.6815E-01	1.0100E+00	1.3781E+00	
1.8300E+01	3.6581E-01	9.8500E-01	1.3508E+00	
1.8300E+01	3.6501E-01	9.6500E-01	1.3300E+00	
1.8300E+01	3.6573E-01	9.0400E-01	1.2697E+00	
1.8400E+01	3.6783E-01	8.4600E-01	1.2138E+00	
1.8400E+01	3.8814E-01	8.2300E-01	1.2111E+00	
1.8400E+01	3.9284E-01	8.0900E-01	1.2018E+00	
1.8400E+01	3.7513E-01	8.0800E-01	1.1831E+00	
1.8400E+01	3.7552E-01	8.1000E-01	1.1855E+00	
1.8500E+01	3.7453E-01	8.4800E-01	1.2225E+00	
1.8500E+01	3.7521E-01	8.5100E-01	1.2262E+00	
1.8500E+01	3.8915E-01	8.4600E-01	1.2352E+00	
1.8500E+01	4.6883E-01	8.4100E-01	1.3098E+00	
1.8500E+01	6.0178E-01	8.4000E-01	1.4418E+00	
1.8600E+01	6.4371E-01	8.5900E-01	1.5027E+00	
1.8600E+01	6.4393E-01	8.8500E-01	1.5289E+00	
1.8600E+01	6.2718E-01	9.0800E-01	1.5352E+00	
1.8600E+01	6.1344E-01	8.9600E-01	1.5094E+00	
1.8600E+01	6.0027E-01	8.8400E-01	1.4843E+00	
1.8700E+01	5.8738E-01	8.9200E-01	1.4794E+00	
1.8700E+01	5.7433E-01	9.0500E-01	1.4793E+00	
1.8700E+01	5.7587E-01	9.0400E-01	1.4799E+00	
1.8700E+01	5.9248E-01	8.9400E-01	1.4865E+00	
1.8700E+01	5.8744E-01	8.7500E-01	1.4624E+00	
1.8800E+01	5.9057E-01	8.5200E-01	1.4426E+00	
1.8800E+01	5.8761E-01	8.2800E-01	1.4156E+00	
1.8800E+01	5.7363E-01	7.8600E-01	1.3596E+00	
1.8800E+01	5.6039E-01	7.2100E-01	1.2814E+00	
1.8800E+01	5.4995E-01	6.6400E-01	1.2139E+00	
1.8900E+01	5.4565E-01	6.5300E-01	1.1987E+00	
1.8900E+01	5.4518E-01	6.7200E-01	1.2172E+00	
1.8900E+01	5.4513E-01	7.0600E-01	1.2511E+00	
1.8900E+01	5.4631E-01	7.4700E-01	1.2933E+00	
1.8900E+01	5.2008E-01	7.8700E-01	1.3071E+00	
1.9000E+01	4.9612E-01	8.3900E-01	1.3351E+00	
1.9000E+01	4.8783E-01	8.4000E-01	1.3278E+00	
1.9000E+01	4.9213E-01	8.4300E-01	1.3351E+00	
1.9000E+01	4.9990E-01	8.6200E-01	1.3619E+00	
1.9000E+01	5.0709E-01	8.7000E-01	1.3771E+00	
1.9100E+01	5.0350E-01	7.8500E-01	1.2885E+00	
1.9100E+01	5.0746E-01	7.4500E-01	1.2525E+00	
1.9100E+01	5.0784E-01	7.2800E-01	1.2358E+00	
1.9100E+01	5.0397E-01	7.0800E-01	1.2120E+00	
1.9100E+01	4.9761E-01	7.1200E-01	1.2096E+00	
1.9200E+01	4.9120E-01	7.5300E-01	1.2442E+00	
1.9200E+01	4.8453E-01	7.8000E-01	1.2645E+00	
1.9200E+01	4.7759E-01	8.2600E-01	1.3036E+00	
1.9200E+01	4.7086E-01	8.6100E-01	1.3319E+00	
1.9200E+01	4.6402E-01	8.9500E-01	1.3590E+00	
1.9300E+01	4.5544E-01	9.3700E-01	1.3924E+00	
1.9300E+01	4.3715E-01	9.8000E-01	1.4172E+00	
1.9300E+01	4.2418E-01	1.0100E+00	1.4342E+00	
1.9300E+01	4.2008E-01	1.0100E+00	1.4301E+00	
1.9300E+01	4.2580E-01	9.8700E-01	1.4128E+00	
1.9400E+01	4.3728E-01	9.4500E-01	1.3823E+00	
1.9400E+01	4.4414E-01	9.2600E-01	1.3701E+00	
1.9400E+01	4.6888E-01	9.2000E-01	1.3889E+00	
1.9400E+01	4.8606E-01	9.3200E-01	1.4181E+00	
1.9400E+01	4.9328E-01	9.5700E-01	1.4503E+00	
1.9500E+01	5.1271E-01	9.3700E-01	1.4497E+00	
1.9500E+01	5.0577E-01	8.7300E-01	1.3788E+00	
1.9500E+01	4.7647E-01	8.3900E-01	1.3155E+00	
1.9500E+01	4.8315E-01	8.0800E-01	1.2912E+00	
1.9500E+01	4.9334E-01	7.8200E-01	1.2753E+00	
1.9600E+01	5.2018E-01	7.5800E-01	1.2782E+00	
1.9600E+01	5.4524E-01	7.3100E-01	1.2762E+00	
1.9600E+01	5.4991E-01	7.3300E-01	1.2829E+00	
1.9600E+01	5.4744E-01	7.0500E-01	1.2524E+00	
1.9600E+01	5.5065E-01	6.7400E-01	1.2246E+00	
1.9700E+01	5.6545E-01	6.4100E-01	1.2064E+00	
1.9700E+01	5.8586E-01	6.5400E-01	1.2399E+00	
1.9700E+01	6.0179E-01	6.7800E-01	1.2798E+00	
1.9700E+01	6.1472E-01	6.3500E-01	1.2497E+00	
1.9700E+01	6.2584E-01	6.1700E-01	1.2428E+00	
1.9800E+01	6.3832E-01	6.0200E-01	1.2403E+00	
1.9800E+01	6.5294E-01	5.8200E-01	1.2349E+00	
1.9800E+01	6.6916E-01	5.6800E-01	1.2372E+00	
1.9800E+01	6.8038E-01	5.5900E-01	1.2394E+00	
1.9800E+01	6.8179E-01	5.5200E-01	1.2338E+00	
1.9900E+01	6.7814E-01	5.4300E-01	1.2211E+00	
1.9900E+01	6.7104E-01	5.3500E-01	1.2060E+00	
1.9900E+01	6.3722E-01	5.2300E-01	1.1602E+00	
1.9900E+01	6.0947E-01	5.0700E-01	1.1165E+00	
1.9900E+01	5.8922E-01	4.9300E-01	1.0822E+00	
2.0000E+01	5.7745E-01	4.8200E-01	1.0595E+00	
2.0000E+01	5.5608E-01	4.7300E-01	1.0291E+00	
2.0000E+01	5.4201E-01	4.7900E-01	1.0210E+00	
2.0000E+01	5.2916E-01	5.2300E-01	1.0522E+00	
2.0000E+01	5.1445E-01	5.2400E-01	1.0384E+00	
2.0100E+01	5.0045E-01	5.2300E-01	1.0235E+00	
2.0100E+01	4.9039E-01	5.2500E-01	1.0154E+00	
2.0100E+01	4.8628E-01	5.2500E-01	1.0113E+00	
2.0100E+01	4.8661E-01	5.2600E-01	1.0126E+00	
2.0100E+01	4.9082E-01	5.3400E-01	1.0248E+00	
2.0200E+01	4.9753E-01	5.6000E-01	1.0575E+00	
2.0200E+01	5.0503E-01	6.0200E-01	1.1070E+00	
2.0200E+01	5.0902E-01	6.2600E-01	1.1350E+00	
2.0200E+01	5.1009E-01	6.5100E-01	1.1611E+00	
2.0200E+01	5.0866E-01	6.9800E-01	1.2067E+00	
2.0300E+01	5.0156E-01	7.6700E-01	1.2686E+00	
2.0300E+01	5.0945E-01	7.9500E-01	1.3045E+00	
2.0300E+01	5.1584E-01	8.0500E-01	1.3208E+00	
2.0300E+01	5.2549E-01	8.3100E-01	1.3565E+00	
2.0300E+01	5.3324E-01	8.5300E-01	1.3862E+00	
2.0400E+01	5.2789E-01	8.2600E-01	1.3539E+00	
2.0400E+01	5.0735E-01	8.3500E-01	1.3423E+00	
2.0400E+01	4.5279E-01	8.4100E-01	1.2938E+00	
2.0400E+01	4.0373E-01	8.3400E-01	1.2377E+00	
2.0400E+01	3.8643E-01	8.1500E-01	1.2014E+00	
2.0500E+01	3.8492E-01	8.0400E-01	1.1889E+00	
2.0500E+01	3.9071E-01	8.0500E-01	1.1957E+00	
2.0500E+01	4.1141E-01	8.0300E-01	1.2144E+00	
2.0500E+01	4.4313E-01	7.9900E-01	1.2421E+00	
2.0500E+01	4.6750E-01	7.9700E-01	1.2645E+00	
2.0600E+01	4.5319E-01	7.9700E-01	1.2502E+00	
2.0600E+01	4.3489E-01	7.8700E-01	1.2219E+00	
2.0600E+01	4.1629E-01	7.8300E-01	1.1993E+00	
2.0600E+01	4.0129E-01	7.8600E-01	1.1873E+00	
2.0600E+01	3.8911E-01	7.9600E-01	1.1851E+00	
2.0700E+01	3.8576E-01	8.2800E-01	1.2138E+00	
2.0700E+01	3.8477E-01	8.4900E-01	1.2338E+00	
2.0700E+01	3.8655E-01	8.2700E-01	1.2136E+00	
2.0700E+01	3.9179E-01	7.9900E-01	1.1908E+00	
2.0700E+01	4.0412E-01	7.6400E-01	1.1681E+00	
2.0800E+01	4.2222E-01	7.3500E-01	1.1572E+00	
2.0800E+01	4.5527E-01	7.0800E-01	1.1633E+00	
2.0800E+01	5.0507E-01	6.8800E-01	1.1931E+00	
2.0800E+01	5.7930E-01	6.6100E-01	1.2403E+00	
2.0800E+01	6.9549E-01	6.2400E-01	1.3195E+00	
2.0900E+01	7.0236E-01	5.8500E-01	1.2874E+00	
2.0900E+01	5.9322E-01	5.6600E-01	1.1592E+00	
2.0900E+01	5.5438E-01	5.5900E-01	1.1134E+00	
2.0900E+01	4.9253E-01	5.6200E-01	1.0545E+00	
2.0900E+01	4.7371E-01	6.0300E-01	1.0767E+00	
2.1000E+01	4.7117E-01	5.9700E-01	1.0682E+00	
2.1000E+01	4.7413E-01	5.6700E-01	1.0411E+00	
2.1000E+01	4.8871E-01	5.4500E-01	1.0337E+00	
2.1000E+01	5.0098E-01	5.2600E-01	1.0270E+00	
2.1000E+01	5.1331E-01	5.1200E-01	1.0253E+00	
2.1100E+01	5.2057E-01	4.9700E-01	1.0176E+00	
2.1100E+01	5.1784E-01	4.8200E-01	9.9984E-01	
2.1100E+01	5.1101E-01	4.7700E-01	9.8801E-01	
2.1100E+01	5.0065E-01	4.7400E-01	9.7465E-01	
2.1100E+01	4.8874E-01	4.7200E-01	9.6074E-01	
2.1200E+01	4.7586E-01	4.7000E-01	9.4586E-01	
2.1200E+01	4.5308E-01	4.6900E-01	9.2208E-01	
2.1200E+01	4.3067E-01	4.7000E-01	9.0067E-01	
2.1200E+01	4.0669E-01	4.7300E-01	8.7969E-01	
2.1200E+01	3.8048E-01	4.8000E-01	8.6048E-01	
2.1300E+01	3.5242E-01	4.8200E-01	8.3442E-01	
2.1300E+01	3.3012E-01	4.8700E-01	8.1712E-01	
2.1300E+01	3.1972E-01	5.0200E-01	8.2172E-01	
2.1300E+01	3.1786E-01	5.4900E-01	8.6686E-01	
2.1300E+01	3.3048E-01	6.2600E-01	9.5648E-01	
2.1400E+01	3.5718E-01	7.1500E-01	1.0722E+00	
2.1400E+01	3.8759E-01	7.4600E-01	1.1336E+00	
2.1400E+01	4.1747E-01	7.8400E-01	1.2015E+00	
2.1400E+01	4.4493E-01	7.9800E-01	1.2429E+00	
2.1400E+01	4.7100E-01	8.0000E-01	1.2710E+00	
2.1500E+01	5.0356E-01	8.1600E-01	1.3196E+00	
2.1500E+01	5.3669E-01	7.8400E-01	1.3207E+00	
2.1500E+01	5.6679E-01	7.3900E-01	1.3058E+00	
2.1500E+01	5.9833E-01	6.6400E-01	1.2623E+00	
2.1500E+01	6.3214E-01	6.3100E-01	1.2631E+00	
2.1600E+01	6.7006E-01	6.2100E-01	1.2911E+00	
2.1600E+01	6.8116E-01	6.2300E-01	1.3042E+00	
2.1600E+01	6.7687E-01	6.2900E-01	1.3059E+00	
2.1600E+01	6.7642E-01	6.2700E-01	1.3034E+00	
2.1600E+01	6.8094E-01	6.1100E-01	1.2919E+00	
2.1700E+01	6.4878E-01	5.1300E-01	1.1618E+00	
2.1700E+01	6.1482E-01	4.6700E-01	1.0818E+00	
2.1700E+01	5.8335E-01	4.3400E-01	1.0173E+00	
2.1700E+01	5.4785E-01	4.0600E-01	9.5385E-01	
2.1700E+01	5.0788E-01	3.8900E-01	8.9688E-01	
2.1800E+01	4.6777E-01	3.8000E-01	8.4777E-01	
2.1800E+01	4.2486E-01	3.7900E-01	8.0386E-01	
2.1800E+01	3.7408E-01	3.9100E-01	7.6508E-01	
2.1800E+01	3.3418E-01	4.1400E-01	7.4818E-01	
2.1800E+01	3.0810E-01	4.4200E-01	7.5010E-01	
2.1900E+01	2.9753E-01	4.7400E-01	7.7153E-01	
2.1900E+01	2.9820E-01	5.0700E-01	8.0520E-01	
2.1900E+01	3.1169E-01	5.5000E-01	8.6169E-01	
2.1900E+01	3.2866E-01	6.0400E-01	9.3266E-01	
2.1900E+01	3.4087E-01	6.5100E-01	9.9187E-01	
2.2000E+01	3.5655E-01	6.5500E-01	1.0115E+00	
2.2000E+01	3.7954E-01	6.6600E-01	1.0455E+00	
2.2000E+01	4.1175E-01	6.8200E-01	1.0937E+00	
2.2000E+01	4.5485E-01	7.0100E-01	1.1558E+00	
2.2000E+01	5.1304E-01	7.2700E-01	1.2400E+00	
2.2100E+01	5.6675E-01	7.6500E-01	1.3317E+00	
2.2100E+01	5.8616E-01	7.9400E-01	1.3802E+00	
2.2100E+01	5.7607E-01	8.1300E-01	1.3891E+00	
2.2100E+01	5.8300E-01	8.1900E-01	1.4020E+00	
2.2100E+01	6.0906E-01	7.9800E-01	1.4071E+00	
2.2200E+01	6.3945E-01	7.8100E-01	1.4205E+00	
2.2200E+01	7.1470E-01	7.6800E-01	1.4827E+00	
2.2200E+01	8.0952E-01	6.1700E-01	1.4265E+00	
2.2200E+01	8.1240E-01	5.6100E-01	1.3734E+00	
2.2200E+01	8.2190E-01	5.2900E-01	1.3509E+00	
2.2300E+01	7.7339E-01	4.9200E-01	1.2654E+00	
2.2300E+01	7.1768E-01	4.5800E-01	1.1757E+00	
2.2300E+01	6.7918E-01	4.3300E-01	1.1122E+00	
2.2300E+01	6.9818E-01	4.1900E-01	1.1172E+00	
2.2300E+01	6.4339E-01	4.1500E-01	1.0584E+00	
2.2400E+01	6.0538E-01	4.2700E-01	1.0324E+00	
2.2400E+01	6.0489E-01	4.6300E-01	1.0679E+00	
2.2400E+01	6.0801E-01	5.0800E-01	1.1160E+00	
2.2400E+01	6.1534E-01	5.7900E-01	1.1943E+00	
2.2400E+01	6.2197E-01	6.4500E-01	1.2670E+00	
2.2500E+01	6.2816E-01	6.9300E-01	1.3212E+00	
2.2500E+01	6.3281E-01	7.7600E-01	1.4088E+00	
2.2500E+01	6.3856E-01	7.4400E-01	1.3826E+00	
2.2500E+01	6.5099E-01	7.9900E-01	1.4500E+00	
2.2500E+01	6.7113E-01	8.7600E-01	1.5471E+00	
2.2600E+01	6.9217E-01	9.2800E-01	1.6202E+00	
2.2600E+01	7.1111E-01	1.0700E+00	1.7811E+00	
2.2600E+01	7.3152E-01	1.0800E+00	1.8115E+00	
2.2600E+01	7.4536E-01	9.6300E-01	1.7084E+00	
2.2600E+01	7.7868E-01	9.5300E-01	1.7317E+00	
2.2700E+01	8.6206E-01	9.4000E-01	1.8021E+00	
2.2700E+01	8.4611E-01	9.4800E-01	1.7941E+00	
2.2700E+01	8.3866E-01	8.1200E-01	1.6507E+00	
2.2700E+01	8.3686E-01	7.6400E-01	1.6009E+00	
2.2700E+01	7.9962E-01	7.0900E-01	1.5086E+00	
2.2800E+01	7.7672E-01	6.5200E-01	1.4287E+00	
2.2800E+01	8.7513E-01	6.4400E-01	1.5191E+00	
2.2800E+01	9.0576E-01	6.5500E-01	1.5608E+00	
2.2800E+01	8.5225E-01	6.6900E-01	1.5212E+00	
2.2800E+01	7.6747E-01	6.9300E-01	1.4605E+00	
2.2900E+01	6.9682E-01	7.1600E-01	1.4128E+00	
2.2900E+01	6.4771E-01	7.2200E-01	1.3697E+00	
2.2900E+01	6.3247E-01	7.1100E-01	1.3435E+00	
2.2900E+01	6.3606E-01	6.7800E-01	1.3141E+00	
2.2900E+01	6.4689E-01	6.6500E-01	1.3119E+00	
2.3000E+01	6.7785E-01	7.1900E-01	1.3969E+00	
2.3000E+01	7.1655E-01	8.0300E-01	1.5196E+00	
2.3000E+01	7.4395E-01	9.0000E-01	1.6439E+00	
2.3000E+01	7.4132E-01	1.0200E+00	1.7613E+00	
2.3000E+01	7.3957E-01	1.0300E+00	1.7696E+00	
2.3100E+01	7.5714E-01	9.9700E-01	1.7541E+00	
2.3100E+01	7.7748E-01	9.3000E-01	1.7075E+00	
2.3100E+01	7.8781E-01	8.6400E-01	1.6518E+00	
2.3100E+01	7.8940E-01	8.3300E-01	1.6224E+00	
2.3100E+01	7.8289E-01	8.1200E-01	1.5949E+00	
2.3200E+01	7.7429E-01	7.6000E-01	1.5343E+00	
2.3200E+01	7.6549E-01	7.4300E-01	1.5085E+00	
2.3200E+01	7.5789E-01	7.4300E-01	1.5009E+00	
2.3200E+01	7.5210E-01	7.4300E-01	1.4951E+00	
2.3200E+01	7.4861E-01	7.7800E-01	1.5266E+00	
2.3300E+01	7.4734E-01	8.4300E-01	1.5903E+00	
2.3300E+01	7.4139E-01	9.2000E-01	1.6614E+00	
2.3300E+01	7.2769E-01	9.5200E-01	1.6797E+00	
2.3300E+01	7.2310E-01	8.9900E-01	1.6221E+00	
2.3300E+01	7.2383E-01	8.3600E-01	1.5598E+00	
2.3400E+01	7.3009E-01	8.0400E-01	1.5341E+00	
2.3400E+01	7.4177E-01	8.0900E-01	1.5508E+00	
2.3400E+01	7.5999E-01	8.1600E-01	1.5760E+00	
2.3400E+01	7.8430E-01	8.3500E-01	1.6193E+00	
2.3400E+01	8.1487E-01	8.5800E-01	1.6729E+00	
2.3500E+01	8.4927E-01	8.8000E-01	1.7293E+00	
2.3500E+01	8.8586E-01	8.7200E-01	1.7579E+00	
2.3500E+01	9.5655E-01	8.4700E-01	1.8035E+00	
2.3500E+01	9.9330E-01	8.1500E-01	1.8083E+00	
2.3500E+01	9.9398E-01	7.9200E-01	1.7860E+00	
2.3600E+01	9.7551E-01	7.9100E-01	1.7665E+00	
2.3600E+01	9.7010E-01	8.1300E-01	1.7831E+00	
2.3600E+01	9.6031E-01	8.1100E-01	1.7713E+00	
2.3600E+01	9.7826E-01	8.1000E-01	1.7883E+00	
2.3600E+01	1.0017E+00	8.1000E-01	1.8117E+00	
2.3700E+01	1.0001E+00	8.1300E-01	1.8131E+00	
2.3700E+01	9.7458E-01	8.2300E-01	1.7976E+00	
2.3700E+01	9.4261E-01	8.3600E-01	1.7786E+00	
2.3700E+01	9.2963E-01	8.5000E-01	1.7796E+00	
2.3700E+01	9.2217E-01	8.6700E-01	1.7892E+00	
2.3800E+01	9.1697E-01	8.8400E-01	1.8010E+00	
2.3800E+01	9.1546E-01	8.9900E-01	1.8145E+00	
2.3800E+01	9.1565E-01	9.1200E-01	1.8277E+00	
2.3800E+01	9.1038E-01	9.2600E-01	1.8364E+00	
2.3800E+01	9.0040E-01	9.5300E-01	1.8534E+00	
2.3900E+01	8.8366E-01	9.8800E-01	1.8717E+00	
2.3900E+01	8.5865E-01	9.9800E-01	1.8566E+00	
2.3900E+01	8.2197E-01	1.0100E+00	1.8320E+00	
2.3900E+01	7.8091E-01	1.0400E+00	1.8209E+00	
2.3900E+01	7.6578E-01	1.1300E+00	1.8958E+00	
2.4000E+01	7.8424E-01	1.1800E+00	1.9642E+00	
2.4000E+01	8.2762E-01	1.1500E+00	1.9776E+00	
2.4000E+01	9.0131E-01	1.1300E+00	2.0313E+00	
2.4000E+01	1.0039E+00	1.1800E+00	2.1839E+00	
2.4000E+01	1.0671E+00	1.1600E+00	2.2271E+00	
2.4100E+01	1.0173E+00	1.1100E+00	2.1273E+00	
2.4100E+01	9.4477E-01	1.1000E+00	2.0448E+00	
2.4100E+01	9.0133E-01	1.0900E+00	1.9913E+00	
2.4100E+01	8.9212E-01	1.0900E+00	1.9821E+00	
2.4100E+01	8.8657E-01	1.0800E+00	1.9666E+00	
2.4200E+01	8.8025E-01	1.0500E+00	1.9303E+00	
2.4200E+01	8.7932E-01	1.0200E+00	1.8993E+00	
2.4200E+01	8.8345E-01	9.7800E-01	1.8614E+00	
2.4200E+01	8.9132E-01	9.2800E-01	1.8193E+00	
2.4200E+01	9.1446E-01	8.8000E-01	1.7945E+00	
2.4300E+01	8.1767E-01	8.5200E-01	1.6697E+00	
2.4300E+01	7.4563E-01	8.4100E-01	1.5866E+00	
2.4300E+01	7.2476E-01	8.3600E-01	1.5608E+00	
2.4300E+01	7.1174E-01	8.3900E-01	1.5507E+00	
2.4300E+01	7.0920E-01	8.4100E-01	1.5502E+00	
2.4400E+01	7.1564E-01	8.6100E-01	1.5766E+00	
2.4400E+01	7.2719E-01	8.9200E-01	1.6192E+00	
2.4400E+01	7.4320E-01	9.2700E-01	1.6702E+00	
2.4400E+01	7.6087E-01	9.7600E-01	1.7369E+00	
2.4400E+01	7.8079E-01	9.8800E-01	1.7688E+00	
2.4500E+01	8.0500E-01	9.5100E-01	1.7560E+00	
2.4500E+01	8.3109E-01	9.1700E-01	1.7481E+00	
2.4500E+01	8.5976E-01	9.1300E-01	1.7728E+00	
2.4500E+01	8.8381E-01	9.1300E-01	1.7968E+00	
2.4500E+01	8.9746E-01	9.1700E-01	1.8145E+00	
2.4600E+01	9.0149E-01	9.2000E-01	1.8215E+00	
2.4600E+01	8.9171E-01	9.1800E-01	1.8097E+00	
2.4600E+01	8.7168E-01	9.1400E-01	1.7857E+00	
2.4600E+01	8.5074E-01	9.1100E-01	1.7617E+00	
2.4600E+01	8.3803E-01	9.1200E-01	1.7500E+00	
2.4700E+01	8.3064E-01	9.0900E-01	1.7396E+00	
2.4700E+01	8.3036E-01	8.8700E-01	1.7174E+00	
2.4700E+01	8.4042E-01	8.6400E-01	1.7044E+00	
2.4700E+01	8.5849E-01	8.4000E-01	1.6985E+00	
2.4700E+01	8.6955E-01	8.0300E-01	1.6726E+00	
2.4800E+01	8.8079E-01	7.8900E-01	1.6698E+00	
2.4800E+01	9.1249E-01	7.9500E-01	1.7075E+00	
2.4800E+01	9.4131E-01	8.4000E-01	1.7813E+00	
2.4800E+01	9.6625E-01	8.7500E-01	1.8412E+00	
2.4800E+01	9.8660E-01	9.0100E-01	1.8876E+00	
2.4900E+01	1.0059E+00	9.3000E-01	1.9359E+00	
2.4900E+01	1.0124E+00	9.4200E-01	1.9544E+00	
2.4900E+01	9.9766E-01	9.6000E-01	1.9577E+00	
2.4900E+01	9.8321E-01	9.9900E-01	1.9822E+00	
2.4900E+01	9.6475E-01	1.0300E+00	1.9948E+00	
2.5000E+01	9.3988E-01	1.0300E+00	1.9699E+00	
2.5000E+01	9.1924E-01	1.0200E+00	1.9392E+00	
2.5000E+01	9.0048E-01	1.0200E+00	1.9205E+00	
2.5000E+01	8.8914E-01	1.0200E+00	1.9091E+00	
2.5000E+01	9.6079E-01	1.0300E+00	1.9908E+00	
2.5100E+01	9.4339E-01	1.0500E+00	1.9934E+00	
2.5100E+01	9.6131E-01	1.0600E+00	2.0213E+00	
2.5100E+01	9.4401E-01	1.0700E+00	2.0140E+00	
2.5100E+01	9.3404E-01	1.0900E+00	2.0240E+00	
2.5100E+01	9.1436E-01	1.1000E+00	2.0144E+00	
2.5200E+01	8.9430E-01	1.1200E+00	2.0143E+00	
2.5200E+01	8.7355E-01	1.1600E+00	2.0335E+00	
2.5200E+01	8.5333E-01	1.1900E+00	2.0433E+00	