#  E (eV)	   dosup(E) 	     dosdw(E)	   Int dos(E)	 EFermi =   15.4086 eV
5.4100E+00	8.5797E-03	7.0229E-03	1.5603E-02	
5.4300E+00	8.9686E-03	7.2435E-03	1.6212E-02	
5.4500E+00	9.3997E-03	7.5903E-03	1.6990E-02	
5.4700E+00	9.9769E-03	8.0067E-03	1.7984E-02	
5.4900E+00	1.0646E-02	8.4920E-03	1.9138E-02	
5.5100E+00	1.1381E-02	9.0423E-03	2.0423E-02	
5.5300E+00	1.1946E-02	9.6568E-03	2.1602E-02	
5.5500E+00	1.2452E-02	1.0122E-02	2.2573E-02	
5.5700E+00	1.2909E-02	1.0542E-02	2.3452E-02	
5.5900E+00	1.3319E-02	1.0923E-02	2.4242E-02	
5.6100E+00	1.3784E-02	1.1340E-02	2.5124E-02	
5.6300E+00	1.4477E-02	1.1895E-02	2.6372E-02	
5.6500E+00	1.5323E-02	1.2629E-02	2.7951E-02	
5.6700E+00	1.6334E-02	1.3500E-02	2.9834E-02	
5.6900E+00	1.7529E-02	1.4514E-02	3.2043E-02	
5.7100E+00	1.8906E-02	1.5518E-02	3.4424E-02	
5.7300E+00	2.0029E-02	1.6285E-02	3.6314E-02	
5.7500E+00	2.1012E-02	1.7024E-02	3.8037E-02	
5.7700E+00	2.1950E-02	1.7733E-02	3.9684E-02	
5.7900E+00	2.2837E-02	1.8407E-02	4.1244E-02	
5.8100E+00	2.3666E-02	1.9156E-02	4.2822E-02	
5.8300E+00	2.4723E-02	2.0008E-02	4.4730E-02	
5.8500E+00	2.5695E-02	2.0745E-02	4.6440E-02	
5.8700E+00	2.6520E-02	2.1399E-02	4.7919E-02	
5.8900E+00	2.7174E-02	2.1401E-02	4.8575E-02	
5.9100E+00	2.5941E-02	2.0897E-02	4.6839E-02	
5.9300E+00	2.6226E-02	2.1097E-02	4.7323E-02	
5.9500E+00	2.6388E-02	2.1173E-02	4.7561E-02	
5.9700E+00	2.6401E-02	2.1083E-02	4.7484E-02	
5.9900E+00	2.6047E-02	1.9715E-02	4.5762E-02	
6.0100E+00	2.3607E-02	1.7681E-02	4.1288E-02	
6.0300E+00	2.1744E-02	1.6599E-02	3.8343E-02	
6.0500E+00	2.0992E-02	1.6411E-02	3.7403E-02	
6.0700E+00	2.0948E-02	1.6413E-02	3.7361E-02	
6.0900E+00	2.0946E-02	1.6432E-02	3.7378E-02	
6.1100E+00	2.0960E-02	1.6469E-02	3.7429E-02	
6.1300E+00	2.1007E-02	1.6530E-02	3.7537E-02	
6.1500E+00	2.1154E-02	1.6673E-02	3.7827E-02	
6.1700E+00	2.1422E-02	1.6921E-02	3.8343E-02	
6.1900E+00	2.1819E-02	1.7283E-02	3.9102E-02	
6.2100E+00	2.2345E-02	1.8119E-02	4.0464E-02	
6.2300E+00	2.5935E-02	2.1581E-02	4.7516E-02	
6.2500E+00	2.8769E-02	2.3335E-02	5.2104E-02	
6.2700E+00	3.0002E-02	2.3488E-02	5.3490E-02	
6.2900E+00	2.8941E-02	2.1631E-02	5.0572E-02	
6.3100E+00	2.6095E-02	2.1653E-02	4.7748E-02	
6.3300E+00	2.8447E-02	2.3615E-02	5.2062E-02	
6.3500E+00	3.1538E-02	2.6033E-02	5.7571E-02	
6.3700E+00	3.5306E-02	2.9015E-02	6.4321E-02	
6.3900E+00	3.9855E-02	3.2007E-02	7.1862E-02	
6.4100E+00	4.2553E-02	3.4957E-02	7.7511E-02	
6.4300E+00	4.7220E-02	3.9032E-02	8.6252E-02	
6.4500E+00	5.0680E-02	4.0372E-02	9.1052E-02	
6.4700E+00	5.2250E-02	4.1399E-02	9.3648E-02	
6.4900E+00	5.3800E-02	4.2533E-02	9.6333E-02	
6.5100E+00	5.5545E-02	4.3842E-02	9.9388E-02	
6.5300E+00	5.7486E-02	4.5319E-02	1.0281E-01	
6.5500E+00	5.9566E-02	4.6938E-02	1.0650E-01	
6.5700E+00	6.1667E-02	4.8626E-02	1.1029E-01	
6.5900E+00	6.4197E-02	5.0983E-02	1.1518E-01	
6.6100E+00	6.7922E-02	5.4210E-02	1.2213E-01	
6.6300E+00	7.2406E-02	5.5923E-02	1.2833E-01	
6.6500E+00	7.3006E-02	5.3709E-02	1.2672E-01	
6.6700E+00	6.7919E-02	4.7423E-02	1.1534E-01	
6.6900E+00	5.9695E-02	4.4219E-02	1.0391E-01	
6.7100E+00	5.8039E-02	4.3411E-02	1.0145E-01	
6.7300E+00	5.6893E-02	4.2480E-02	9.9373E-02	
6.7500E+00	5.6913E-02	4.1871E-02	9.8784E-02	
6.7700E+00	5.9250E-02	4.3471E-02	1.0272E-01	
6.7900E+00	7.1003E-02	5.4851E-02	1.2585E-01	
6.8100E+00	7.9746E-02	5.9977E-02	1.3972E-01	
6.8300E+00	8.4969E-02	6.4105E-02	1.4907E-01	
6.8500E+00	8.8934E-02	6.5271E-02	1.5420E-01	
6.8700E+00	9.2120E-02	6.5740E-02	1.5786E-01	
6.8900E+00	9.4635E-02	6.7266E-02	1.6190E-01	
6.9100E+00	9.6522E-02	6.9309E-02	1.6583E-01	
6.9300E+00	9.8109E-02	7.0612E-02	1.6872E-01	
6.9500E+00	1.0115E-01	7.2001E-02	1.7315E-01	
6.9700E+00	1.0707E-01	7.5489E-02	1.8256E-01	
6.9900E+00	1.1638E-01	8.1074E-02	1.9745E-01	
7.0100E+00	1.2667E-01	8.7485E-02	2.1415E-01	
7.0300E+00	1.3596E-01	9.3033E-02	2.2900E-01	
7.0500E+00	1.3927E-01	9.7343E-02	2.3661E-01	
7.0700E+00	1.3149E-01	9.6519E-02	2.2801E-01	
7.0900E+00	1.3104E-01	9.5929E-02	2.2697E-01	
7.1100E+00	1.3544E-01	9.7268E-02	2.3270E-01	
7.1300E+00	1.4083E-01	9.9624E-02	2.4045E-01	
7.1500E+00	1.4731E-01	1.0356E-01	2.5088E-01	
7.1700E+00	1.5472E-01	1.0853E-01	2.6325E-01	
7.1900E+00	1.6351E-01	1.1380E-01	2.7730E-01	
7.2100E+00	1.7161E-01	1.1927E-01	2.9089E-01	
7.2300E+00	1.7589E-01	1.2275E-01	2.9863E-01	
7.2500E+00	1.7576E-01	1.2294E-01	2.9870E-01	
7.2700E+00	1.7434E-01	1.2302E-01	2.9735E-01	
7.2900E+00	1.8568E-01	1.2618E-01	3.1186E-01	
7.3100E+00	2.0181E-01	1.3028E-01	3.3209E-01	
7.3300E+00	2.1445E-01	1.3482E-01	3.4927E-01	
7.3500E+00	2.4286E-01	1.3869E-01	3.8155E-01	
7.3700E+00	2.6108E-01	1.4602E-01	4.0710E-01	
7.3900E+00	2.5790E-01	1.5470E-01	4.1261E-01	
7.4100E+00	2.4938E-01	1.5708E-01	4.0647E-01	
7.4300E+00	2.4273E-01	1.5233E-01	3.9506E-01	
7.4500E+00	2.1413E-01	1.5103E-01	3.6517E-01	
7.4700E+00	1.9065E-01	1.5223E-01	3.4288E-01	
7.4900E+00	1.8007E-01	1.4109E-01	3.2116E-01	
7.5100E+00	1.7762E-01	1.2074E-01	2.9836E-01	
7.5300E+00	1.7918E-01	1.1218E-01	2.9136E-01	
7.5500E+00	1.8112E-01	1.0978E-01	2.9089E-01	
7.5700E+00	1.8205E-01	1.1064E-01	2.9269E-01	
7.5900E+00	1.8136E-01	1.1176E-01	2.9312E-01	
7.6100E+00	1.7970E-01	1.1251E-01	2.9221E-01	
7.6300E+00	1.7988E-01	1.1283E-01	2.9271E-01	
7.6500E+00	1.8267E-01	1.1260E-01	2.9527E-01	
7.6700E+00	1.8758E-01	1.1171E-01	2.9929E-01	
7.6900E+00	1.9399E-01	1.1067E-01	3.0466E-01	
7.7100E+00	2.0115E-01	1.1052E-01	3.1168E-01	
7.7300E+00	2.0309E-01	1.1136E-01	3.1445E-01	
7.7500E+00	1.9894E-01	1.1309E-01	3.1203E-01	
7.7700E+00	2.0299E-01	1.1507E-01	3.1805E-01	
7.7900E+00	2.0798E-01	1.1806E-01	3.2605E-01	
7.8100E+00	2.1020E-01	1.2200E-01	3.3220E-01	
7.8300E+00	2.1005E-01	1.2443E-01	3.3448E-01	
7.8500E+00	2.0733E-01	1.2465E-01	3.3198E-01	
7.8700E+00	2.0505E-01	1.2412E-01	3.2917E-01	
7.8900E+00	2.0548E-01	1.2550E-01	3.3097E-01	
7.9100E+00	2.1007E-01	1.2853E-01	3.3860E-01	
7.9300E+00	2.4834E-01	1.3149E-01	3.7983E-01	
7.9500E+00	1.7582E-01	1.3412E-01	3.0994E-01	
7.9700E+00	1.2738E-01	1.3775E-01	2.6513E-01	
7.9900E+00	1.3070E-01	1.4343E-01	2.7413E-01	
8.0100E+00	1.3793E-01	1.4701E-01	2.8494E-01	
8.0300E+00	1.4525E-01	1.4781E-01	2.9306E-01	
8.0500E+00	1.5225E-01	1.4904E-01	3.0129E-01	
8.0700E+00	1.5722E-01	1.5082E-01	3.0804E-01	
8.0900E+00	1.5813E-01	1.5310E-01	3.1123E-01	
8.1100E+00	1.5475E-01	1.5494E-01	3.0969E-01	
8.1300E+00	1.4765E-01	1.6198E-01	3.0962E-01	
8.1500E+00	1.3264E-01	1.4877E-01	2.8142E-01	
8.1700E+00	1.1855E-01	1.2475E-01	2.4330E-01	
8.1900E+00	1.0950E-01	1.0292E-01	2.1242E-01	
8.2100E+00	1.0297E-01	8.7530E-02	1.9050E-01	
8.2300E+00	9.6908E-02	7.9247E-02	1.7615E-01	
8.2500E+00	9.1414E-02	7.3590E-02	1.6500E-01	
8.2700E+00	8.6594E-02	6.9250E-02	1.5584E-01	
8.2900E+00	8.2725E-02	6.5848E-02	1.4857E-01	
8.3100E+00	8.0200E-02	6.2658E-02	1.4286E-01	
8.3300E+00	7.7974E-02	5.9665E-02	1.3764E-01	
8.3500E+00	7.6188E-02	5.6892E-02	1.3308E-01	
8.3700E+00	7.4412E-02	5.4371E-02	1.2878E-01	
8.3900E+00	7.2619E-02	5.2175E-02	1.2479E-01	
8.4100E+00	7.0809E-02	5.0581E-02	1.2139E-01	
8.4300E+00	6.8982E-02	4.9455E-02	1.1844E-01	
8.4500E+00	6.7139E-02	4.8342E-02	1.1548E-01	
8.4700E+00	6.5280E-02	4.7222E-02	1.1250E-01	
8.4900E+00	6.3405E-02	4.6096E-02	1.0950E-01	
8.5100E+00	6.1513E-02	4.4962E-02	1.0648E-01	
8.5300E+00	5.9607E-02	4.3822E-02	1.0343E-01	
8.5500E+00	5.7685E-02	4.2676E-02	1.0036E-01	
8.5700E+00	5.5810E-02	4.1523E-02	9.7333E-02	
8.5900E+00	5.4105E-02	4.0363E-02	9.4468E-02	
8.6100E+00	5.2630E-02	3.9198E-02	9.1828E-02	
8.6300E+00	5.1497E-02	3.8026E-02	8.9523E-02	
8.6500E+00	5.0602E-02	3.6866E-02	8.7468E-02	
8.6700E+00	4.9836E-02	3.5735E-02	8.5570E-02	
8.6900E+00	4.9118E-02	3.4626E-02	8.3744E-02	
8.7100E+00	4.8451E-02	3.3544E-02	8.1995E-02	
8.7300E+00	4.7871E-02	3.2503E-02	8.0374E-02	
8.7500E+00	4.7485E-02	3.1532E-02	7.9017E-02	
8.7700E+00	4.7270E-02	3.0626E-02	7.7896E-02	
8.7900E+00	4.7245E-02	2.9740E-02	7.6986E-02	
8.8100E+00	4.7241E-02	2.8878E-02	7.6120E-02	
8.8300E+00	4.7223E-02	2.8119E-02	7.5342E-02	
8.8500E+00	4.7191E-02	2.7625E-02	7.4815E-02	
8.8700E+00	4.7144E-02	2.7368E-02	7.4512E-02	
8.8900E+00	4.7083E-02	2.7208E-02	7.4292E-02	
8.9100E+00	4.7008E-02	2.7046E-02	7.4055E-02	
8.9300E+00	4.6919E-02	2.6881E-02	7.3800E-02	
8.9500E+00	4.6816E-02	2.6714E-02	7.3529E-02	
8.9700E+00	4.6698E-02	2.6544E-02	7.3242E-02	
8.9900E+00	4.6566E-02	2.6371E-02	7.2937E-02	
9.0100E+00	4.6420E-02	2.6195E-02	7.2615E-02	
9.0300E+00	4.6260E-02	2.6016E-02	7.2276E-02	
9.0500E+00	4.7893E-02	2.5835E-02	7.3728E-02	
9.0700E+00	5.4475E-02	2.5651E-02	8.0125E-02	
9.0900E+00	6.5118E-02	2.5464E-02	9.0582E-02	
9.1100E+00	7.3705E-02	2.5274E-02	9.8980E-02	
9.1300E+00	8.1940E-02	2.5082E-02	1.0702E-01	
9.1500E+00	8.9401E-02	2.4886E-02	1.1429E-01	
9.1700E+00	9.3287E-02	2.4689E-02	1.1798E-01	
9.1900E+00	9.4426E-02	2.4488E-02	1.1891E-01	
9.2100E+00	9.6240E-02	2.5703E-02	1.2194E-01	
9.2300E+00	9.8226E-02	2.9450E-02	1.2768E-01	
9.2500E+00	1.0024E-01	3.5290E-02	1.3553E-01	
9.2700E+00	1.1053E-01	4.0053E-02	1.5058E-01	
9.2900E+00	1.2155E-01	4.4629E-02	1.6618E-01	
9.3100E+00	1.2971E-01	4.8864E-02	1.7857E-01	
9.3300E+00	1.3770E-01	5.1438E-02	1.8914E-01	
9.3500E+00	1.4511E-01	5.2263E-02	1.9737E-01	
9.3700E+00	1.4770E-01	5.2898E-02	2.0059E-01	
9.3900E+00	1.5025E-01	5.3743E-02	2.0400E-01	
9.4100E+00	1.5287E-01	5.4629E-02	2.0750E-01	
9.4300E+00	1.5547E-01	5.5632E-02	2.1110E-01	
9.4500E+00	1.5820E-01	5.7329E-02	2.1553E-01	
9.4700E+00	1.6303E-01	6.3146E-02	2.2618E-01	
9.4900E+00	1.8454E-01	7.0371E-02	2.5492E-01	
9.5100E+00	1.9764E-01	7.2596E-02	2.7023E-01	
9.5300E+00	1.9686E-01	7.4398E-02	2.7125E-01	
9.5500E+00	1.9324E-01	7.6226E-02	2.6947E-01	
9.5700E+00	1.8889E-01	7.8086E-02	2.6698E-01	
9.5900E+00	1.8842E-01	7.9979E-02	2.6840E-01	
9.6100E+00	1.9064E-01	8.1790E-02	2.7243E-01	
9.6300E+00	1.9397E-01	8.4162E-02	2.7813E-01	
9.6500E+00	2.1498E-01	8.8379E-02	3.0336E-01	
9.6700E+00	2.4485E-01	9.5228E-02	3.4008E-01	
9.6900E+00	2.4836E-01	1.0141E-01	3.4978E-01	
9.7100E+00	2.1589E-01	1.0890E-01	3.2478E-01	
9.7300E+00	1.9816E-01	1.0742E-01	3.0558E-01	
9.7500E+00	1.9063E-01	1.0543E-01	2.9606E-01	
9.7700E+00	1.9354E-01	1.0322E-01	2.9676E-01	
9.7900E+00	1.9765E-01	1.0171E-01	2.9936E-01	
9.8100E+00	2.0390E-01	1.0069E-01	3.0460E-01	
9.8300E+00	2.1197E-01	1.0436E-01	3.1633E-01	
9.8500E+00	2.2299E-01	1.1355E-01	3.3655E-01	
9.8700E+00	2.3714E-01	1.0964E-01	3.4678E-01	
9.8900E+00	2.5261E-01	9.9319E-02	3.5193E-01	
9.9100E+00	2.7102E-01	9.4272E-02	3.6529E-01	
9.9300E+00	2.9817E-01	9.1184E-02	3.8936E-01	
9.9500E+00	3.2621E-01	8.2835E-02	4.0904E-01	
9.9700E+00	3.5508E-01	7.8439E-02	4.3352E-01	
9.9900E+00	3.8438E-01	7.8160E-02	4.6254E-01	
1.0000E+01	4.2818E-01	7.9019E-02	5.0720E-01	
1.0000E+01	4.6610E-01	8.1170E-02	5.4727E-01	
1.0100E+01	4.7765E-01	8.4474E-02	5.6213E-01	
1.0100E+01	4.8069E-01	8.9279E-02	5.6997E-01	
1.0100E+01	4.9358E-01	9.5201E-02	5.8878E-01	
1.0100E+01	5.1830E-01	1.0110E-01	6.1940E-01	
1.0100E+01	5.4723E-01	1.0734E-01	6.5458E-01	
1.0200E+01	5.8314E-01	1.1312E-01	6.9626E-01	
1.0200E+01	6.2473E-01	1.1931E-01	7.4404E-01	
1.0200E+01	6.6962E-01	1.2568E-01	7.9530E-01	
1.0200E+01	7.0635E-01	1.3137E-01	8.3772E-01	
1.0200E+01	7.0691E-01	1.3723E-01	8.4414E-01	
1.0300E+01	6.9749E-01	1.4411E-01	8.4161E-01	
1.0300E+01	7.2264E-01	1.5201E-01	8.7465E-01	
1.0300E+01	7.4640E-01	1.6157E-01	9.0797E-01	
1.0300E+01	7.6167E-01	1.7257E-01	9.3424E-01	
1.0300E+01	7.7404E-01	1.8538E-01	9.5942E-01	
1.0400E+01	7.9602E-01	2.0034E-01	9.9636E-01	
1.0400E+01	8.4233E-01	2.1751E-01	1.0598E+00	
1.0400E+01	9.0704E-01	2.3649E-01	1.1435E+00	
1.0400E+01	9.0286E-01	2.5565E-01	1.1585E+00	
1.0400E+01	8.3659E-01	2.7254E-01	1.1091E+00	
1.0500E+01	8.0678E-01	2.8078E-01	1.0876E+00	
1.0500E+01	8.0746E-01	2.9107E-01	1.0985E+00	
1.0500E+01	7.7683E-01	3.1021E-01	1.0870E+00	
1.0500E+01	7.8078E-01	3.1692E-01	1.0977E+00	
1.0500E+01	8.1517E-01	3.2870E-01	1.1439E+00	
1.0600E+01	7.8064E-01	3.3875E-01	1.1194E+00	
1.0600E+01	7.8234E-01	3.4677E-01	1.1291E+00	
1.0600E+01	7.8877E-01	3.5243E-01	1.1412E+00	
1.0600E+01	7.9030E-01	3.5556E-01	1.1459E+00	
1.0600E+01	7.8938E-01	3.5535E-01	1.1447E+00	
1.0700E+01	7.9396E-01	3.5432E-01	1.1483E+00	
1.0700E+01	7.9566E-01	3.5476E-01	1.1504E+00	
1.0700E+01	8.1368E-01	3.6559E-01	1.1793E+00	
1.0700E+01	8.5947E-01	3.8334E-01	1.2428E+00	
1.0700E+01	9.1225E-01	3.9837E-01	1.3106E+00	
1.0800E+01	9.6498E-01	4.1454E-01	1.3795E+00	
1.0800E+01	1.0370E+00	4.4555E-01	1.4826E+00	
1.0800E+01	1.0912E+00	4.5614E-01	1.5473E+00	
1.0800E+01	1.1915E+00	4.6771E-01	1.6592E+00	
1.0800E+01	1.3443E+00	4.6839E-01	1.8127E+00	
1.0900E+01	1.5355E+00	4.5499E-01	1.9905E+00	
1.0900E+01	1.7654E+00	4.3107E-01	2.1965E+00	
1.0900E+01	2.0675E+00	4.0489E-01	2.4724E+00	
1.0900E+01	2.3096E+00	3.8427E-01	2.6939E+00	
1.0900E+01	2.3500E+00	3.6435E-01	2.7143E+00	
1.1000E+01	2.4818E+00	3.3938E-01	2.8211E+00	
1.1000E+01	2.6280E+00	3.2568E-01	2.9536E+00	
1.1000E+01	2.9326E+00	3.1942E-01	3.2520E+00	
1.1000E+01	2.9743E+00	3.1299E-01	3.2873E+00	
1.1000E+01	2.6621E+00	3.0499E-01	2.9671E+00	
1.1100E+01	2.0676E+00	3.0035E-01	2.3680E+00	
1.1100E+01	1.7109E+00	2.9659E-01	2.0075E+00	
1.1100E+01	1.4309E+00	2.9331E-01	1.7242E+00	
1.1100E+01	1.5790E+00	2.9509E-01	1.8741E+00	
1.1100E+01	1.9019E+00	3.0781E-01	2.2097E+00	
1.1200E+01	2.2411E+00	3.1840E-01	2.5595E+00	
1.1200E+01	2.4806E+00	3.2497E-01	2.8055E+00	
1.1200E+01	2.5584E+00	3.3238E-01	2.8908E+00	
1.1200E+01	2.7413E+00	3.4055E-01	3.0819E+00	
1.1200E+01	2.9207E+00	3.5044E-01	3.2712E+00	
1.1300E+01	2.7691E+00	3.6163E-01	3.1307E+00	
1.1300E+01	2.5363E+00	3.7486E-01	2.9112E+00	
1.1300E+01	2.5820E+00	3.8863E-01	2.9707E+00	
1.1300E+01	2.7565E+00	4.0288E-01	3.1594E+00	
1.1300E+01	3.1149E+00	4.1827E-01	3.5331E+00	
1.1400E+01	3.3525E+00	4.4409E-01	3.7966E+00	
1.1400E+01	3.7264E+00	4.8447E-01	4.2109E+00	
1.1400E+01	4.0866E+00	5.2261E-01	4.6092E+00	
1.1400E+01	4.1972E+00	5.5418E-01	4.7513E+00	
1.1400E+01	4.1087E+00	5.8462E-01	4.6933E+00	
1.1500E+01	4.0676E+00	6.1569E-01	4.6833E+00	
1.1500E+01	3.7184E+00	6.4876E-01	4.3671E+00	
1.1500E+01	4.0193E+00	6.9292E-01	4.7122E+00	
1.1500E+01	3.9685E+00	7.4996E-01	4.7185E+00	
1.1500E+01	4.1690E+00	8.2116E-01	4.9902E+00	
1.1600E+01	4.2928E+00	9.0931E-01	5.2021E+00	
1.1600E+01	4.4935E+00	9.0414E-01	5.3976E+00	
1.1600E+01	5.2319E+00	8.7692E-01	6.1088E+00	
1.1600E+01	6.1900E+00	8.6499E-01	7.0550E+00	
1.1600E+01	5.7790E+00	7.3960E-01	6.5186E+00	
1.1700E+01	5.4743E+00	6.7263E-01	6.1469E+00	
1.1700E+01	5.6062E+00	6.5196E-01	6.2581E+00	
1.1700E+01	5.1867E+00	6.3143E-01	5.8181E+00	
1.1700E+01	6.4469E+00	6.0883E-01	7.0557E+00	
1.1700E+01	6.0598E+00	5.9108E-01	6.6508E+00	
1.1800E+01	6.3807E+00	5.8007E-01	6.9608E+00	
1.1800E+01	4.8941E+00	5.7497E-01	5.4691E+00	
1.1800E+01	4.9623E+00	5.7581E-01	5.5381E+00	
1.1800E+01	4.4672E+00	5.7126E-01	5.0384E+00	
1.1800E+01	3.8618E+00	5.7874E-01	4.4406E+00	
1.1900E+01	4.3816E+00	6.0774E-01	4.9894E+00	
1.1900E+01	5.9721E+00	6.6879E-01	6.6409E+00	
1.1900E+01	6.1800E+00	7.7089E-01	6.9509E+00	
1.1900E+01	5.5284E+00	8.9690E-01	6.4253E+00	
1.1900E+01	7.4325E+00	1.0356E+00	8.4681E+00	
1.2000E+01	7.1867E+00	9.7161E-01	8.1583E+00	
1.2000E+01	7.7060E+00	8.9028E-01	8.5963E+00	
1.2000E+01	6.2205E+00	8.9435E-01	7.1149E+00	
1.2000E+01	5.3216E+00	9.0580E-01	6.2274E+00	
1.2000E+01	5.2174E+00	9.8715E-01	6.2045E+00	
1.2100E+01	4.8614E+00	1.1049E+00	5.9663E+00	
1.2100E+01	5.1471E+00	1.2246E+00	6.3716E+00	
1.2100E+01	6.5975E+00	1.3381E+00	7.9356E+00	
1.2100E+01	8.0201E+00	1.4621E+00	9.4821E+00	
1.2100E+01	7.8126E+00	1.5987E+00	9.4113E+00	
1.2200E+01	8.1131E+00	1.7598E+00	9.8729E+00	
1.2200E+01	1.1529E+01	1.7862E+00	1.3315E+01	
1.2200E+01	9.5569E+00	1.5452E+00	1.1102E+01	
1.2200E+01	5.6136E+00	1.4788E+00	7.0924E+00	
1.2200E+01	5.2510E+00	1.2004E+00	6.4513E+00	
1.2300E+01	5.5935E+00	9.1891E-01	6.5124E+00	
1.2300E+01	6.7451E+00	8.0834E-01	7.5535E+00	
1.2300E+01	6.7856E+00	7.5775E-01	7.5434E+00	
1.2300E+01	8.1842E+00	7.3811E-01	8.9223E+00	
1.2300E+01	8.5424E+00	7.8480E-01	9.3272E+00	
1.2400E+01	6.4993E+00	9.1233E-01	7.4116E+00	
1.2400E+01	7.2205E+00	1.0595E+00	8.2800E+00	
1.2400E+01	8.3678E+00	1.2014E+00	9.5691E+00	
1.2400E+01	9.2304E+00	1.2287E+00	1.0459E+01	
1.2400E+01	6.9674E+00	1.2061E+00	8.1735E+00	
1.2500E+01	7.9323E+00	1.1860E+00	9.1183E+00	
1.2500E+01	7.5522E+00	1.2336E+00	8.7858E+00	
1.2500E+01	7.2057E+00	1.1701E+00	8.3758E+00	
1.2500E+01	9.9067E+00	1.2242E+00	1.1131E+01	
1.2500E+01	1.0185E+01	1.3861E+00	1.1571E+01	
1.2600E+01	1.1607E+01	1.6261E+00	1.3233E+01	
1.2600E+01	8.6420E+00	1.9979E+00	1.0640E+01	
1.2600E+01	6.8144E+00	2.3457E+00	9.1600E+00	
1.2600E+01	5.1956E+00	2.8140E+00	8.0096E+00	
1.2600E+01	4.3564E+00	2.8730E+00	7.2294E+00	
1.2700E+01	4.0791E+00	3.2355E+00	7.3146E+00	
1.2700E+01	4.8173E+00	3.7199E+00	8.5372E+00	
1.2700E+01	5.2356E+00	3.3321E+00	8.5676E+00	
1.2700E+01	6.5954E+00	3.6339E+00	1.0229E+01	
1.2700E+01	7.4141E+00	3.6725E+00	1.1087E+01	
1.2800E+01	1.1171E+01	3.7576E+00	1.4929E+01	
1.2800E+01	9.5337E+00	3.7819E+00	1.3316E+01	
1.2800E+01	9.5586E+00	3.6434E+00	1.3202E+01	
1.2800E+01	1.1370E+01	3.6122E+00	1.4982E+01	
1.2800E+01	9.9382E+00	3.6329E+00	1.3571E+01	
1.2900E+01	8.7458E+00	5.5434E+00	1.4289E+01	
1.2900E+01	9.3111E+00	5.8564E+00	1.5168E+01	
1.2900E+01	7.7566E+00	5.0032E+00	1.2760E+01	
1.2900E+01	9.1873E+00	2.7940E+00	1.1981E+01	
1.2900E+01	1.0800E+01	1.8378E+00	1.2638E+01	
1.3000E+01	1.1493E+01	1.7414E+00	1.3235E+01	
1.3000E+01	1.0445E+01	1.6498E+00	1.2095E+01	
1.3000E+01	1.1844E+01	2.0349E+00	1.3879E+01	
1.3000E+01	1.2247E+01	3.4992E+00	1.5747E+01	
1.3000E+01	1.0655E+01	4.4451E+00	1.5100E+01	
1.3100E+01	1.3329E+01	4.6825E+00	1.8011E+01	
1.3100E+01	1.0349E+01	4.9204E+00	1.5269E+01	
1.3100E+01	1.4977E+01	5.7018E+00	2.0679E+01	
1.3100E+01	1.2881E+01	5.3450E+00	1.8226E+01	
1.3100E+01	9.4350E+00	4.8596E+00	1.4295E+01	
1.3200E+01	1.0117E+01	4.4117E+00	1.4529E+01	
1.3200E+01	1.0445E+01	4.2857E+00	1.4731E+01	
1.3200E+01	1.0021E+01	4.2033E+00	1.4224E+01	
1.3200E+01	6.5151E+00	3.7638E+00	1.0279E+01	
1.3200E+01	6.6445E+00	3.5055E+00	1.0150E+01	
1.3300E+01	8.8534E+00	3.5270E+00	1.2380E+01	
1.3300E+01	6.3060E+00	3.6134E+00	9.9194E+00	
1.3300E+01	5.0108E+00	3.3722E+00	8.3831E+00	
1.3300E+01	7.8312E+00	2.8832E+00	1.0714E+01	
1.3300E+01	6.0945E+00	2.7026E+00	8.7971E+00	
1.3400E+01	7.5539E+00	3.1018E+00	1.0656E+01	
1.3400E+01	7.5420E+00	3.4326E+00	1.0975E+01	
1.3400E+01	7.0442E+00	3.6271E+00	1.0671E+01	
1.3400E+01	6.8416E+00	3.7547E+00	1.0596E+01	
1.3400E+01	6.0595E+00	3.6248E+00	9.6843E+00	
1.3500E+01	5.5564E+00	4.0912E+00	9.6476E+00	
1.3500E+01	7.7427E+00	4.7358E+00	1.2478E+01	
1.3500E+01	8.5470E+00	5.4417E+00	1.3989E+01	
1.3500E+01	1.0072E+01	6.2551E+00	1.6327E+01	
1.3500E+01	1.0441E+01	4.7994E+00	1.5241E+01	
1.3600E+01	8.6915E+00	3.9839E+00	1.2675E+01	
1.3600E+01	8.9018E+00	4.3004E+00	1.3202E+01	
1.3600E+01	9.5939E+00	4.9948E+00	1.4589E+01	
1.3600E+01	1.2132E+01	6.5721E+00	1.8704E+01	
1.3600E+01	8.5222E+00	9.2696E+00	1.7792E+01	
1.3700E+01	7.6727E+00	1.0107E+01	1.7779E+01	
1.3700E+01	1.3622E+01	8.0512E+00	2.1673E+01	
1.3700E+01	1.4615E+01	7.9673E+00	2.2583E+01	
1.3700E+01	1.2529E+01	8.3696E+00	2.0899E+01	
1.3700E+01	8.8909E+00	7.8607E+00	1.6752E+01	
1.3800E+01	9.9663E+00	7.7978E+00	1.7764E+01	
1.3800E+01	1.1030E+01	7.1245E+00	1.8155E+01	
1.3800E+01	1.6098E+01	6.6872E+00	2.2785E+01	
1.3800E+01	1.6736E+01	6.0263E+00	2.2762E+01	
1.3800E+01	1.4213E+01	6.2603E+00	2.0473E+01	
1.3900E+01	1.0334E+01	5.5999E+00	1.5934E+01	
1.3900E+01	1.3330E+01	5.0004E+00	1.8331E+01	
1.3900E+01	1.0522E+01	5.4449E+00	1.5967E+01	
1.3900E+01	1.1036E+01	5.8426E+00	1.6879E+01	
1.3900E+01	1.1298E+01	6.4354E+00	1.7733E+01	
1.4000E+01	1.1102E+01	6.8683E+00	1.7970E+01	
1.4000E+01	9.6919E+00	6.3780E+00	1.6070E+01	
1.4000E+01	7.5754E+00	5.6440E+00	1.3219E+01	
1.4000E+01	5.8487E+00	4.9623E+00	1.0811E+01	
1.4000E+01	7.1959E+00	4.5537E+00	1.1750E+01	
1.4100E+01	6.0738E+00	4.2241E+00	1.0298E+01	
1.4100E+01	4.0344E+00	4.1716E+00	8.2060E+00	
1.4100E+01	3.2495E+00	4.1140E+00	7.3636E+00	
1.4100E+01	3.0997E+00	4.7375E+00	7.8373E+00	
1.4100E+01	7.1657E+00	4.9918E+00	1.2157E+01	
1.4200E+01	7.5590E+00	5.1226E+00	1.2682E+01	
1.4200E+01	8.5380E+00	5.8267E+00	1.4365E+01	
1.4200E+01	8.5478E+00	4.3952E+00	1.2943E+01	
1.4200E+01	8.5237E+00	4.1231E+00	1.2647E+01	
1.4200E+01	7.7952E+00	4.4628E+00	1.2258E+01	
1.4300E+01	6.2688E+00	4.4850E+00	1.0754E+01	
1.4300E+01	5.7630E+00	5.1765E+00	1.0939E+01	
1.4300E+01	6.0362E+00	5.9657E+00	1.2002E+01	
1.4300E+01	5.8763E+00	6.5171E+00	1.2393E+01	
1.4300E+01	5.2147E+00	6.6604E+00	1.1875E+01	
1.4400E+01	3.9037E+00	6.8981E+00	1.0802E+01	
1.4400E+01	2.8215E+00	6.9932E+00	9.8147E+00	
1.4400E+01	2.5503E+00	6.7814E+00	9.3317E+00	
1.4400E+01	2.7747E+00	7.1001E+00	9.8747E+00	
1.4400E+01	3.0523E+00	8.6065E+00	1.1659E+01	
1.4500E+01	3.3616E+00	1.2160E+01	1.5522E+01	
1.4500E+01	3.4185E+00	9.0108E+00	1.2429E+01	
1.4500E+01	3.4779E+00	6.8686E+00	1.0347E+01	
1.4500E+01	3.5150E+00	5.7990E+00	9.3141E+00	
1.4500E+01	3.2160E+00	6.2208E+00	9.4369E+00	
1.4600E+01	3.3043E+00	6.6556E+00	9.9599E+00	
1.4600E+01	2.6476E+00	7.6186E+00	1.0266E+01	
1.4600E+01	2.5232E+00	6.5778E+00	9.1009E+00	
1.4600E+01	2.3858E+00	7.9353E+00	1.0321E+01	
1.4600E+01	1.9092E+00	9.5340E+00	1.1443E+01	
1.4700E+01	1.8063E+00	9.5610E+00	1.1367E+01	
1.4700E+01	1.7263E+00	8.4493E+00	1.0176E+01	
1.4700E+01	1.7476E+00	5.9028E+00	7.6504E+00	
1.4700E+01	2.1258E+00	5.5038E+00	7.6296E+00	
1.4700E+01	2.6553E+00	4.8134E+00	7.4687E+00	
1.4800E+01	2.2794E+00	6.6567E+00	8.9361E+00	
1.4800E+01	2.4027E+00	1.0434E+01	1.2837E+01	
1.4800E+01	2.6160E+00	1.0785E+01	1.3401E+01	
1.4800E+01	2.9718E+00	4.5508E+00	7.5227E+00	
1.4800E+01	3.2202E+00	1.5600E+00	4.7802E+00	
1.4900E+01	3.2951E+00	1.8547E+00	5.1498E+00	
1.4900E+01	3.2181E+00	5.0152E+00	8.2333E+00	
1.4900E+01	3.0463E+00	5.5340E+00	8.5803E+00	
1.4900E+01	2.8713E+00	5.6439E+00	8.5152E+00	
1.4900E+01	2.7059E+00	5.4052E+00	8.1111E+00	
1.5000E+01	2.5040E+00	5.5868E+00	8.0908E+00	
1.5000E+01	2.4661E+00	3.1632E+00	5.6293E+00	
1.5000E+01	2.4985E+00	1.8535E+00	4.3520E+00	
1.5000E+01	2.6445E+00	1.4083E+00	4.0528E+00	
1.5000E+01	2.5375E+00	1.5387E+00	4.0763E+00	
1.5100E+01	2.3761E+00	1.9042E+00	4.2803E+00	
1.5100E+01	2.1672E+00	2.2349E+00	4.4020E+00	
1.5100E+01	1.9858E+00	2.4290E+00	4.4148E+00	
1.5100E+01	1.7692E+00	2.5568E+00	4.3260E+00	
1.5100E+01	1.6982E+00	2.8076E+00	4.5059E+00	
1.5200E+01	1.6759E+00	2.7340E+00	4.4098E+00	
1.5200E+01	1.6165E+00	3.5549E+00	5.1714E+00	
1.5200E+01	1.4609E+00	3.4399E+00	4.9007E+00	
1.5200E+01	1.3210E+00	3.1897E+00	4.5107E+00	
1.5200E+01	1.2267E+00	2.8908E+00	4.1176E+00	
1.5300E+01	1.1814E+00	3.0504E+00	4.2318E+00	
1.5300E+01	1.1795E+00	3.2486E+00	4.4281E+00	
1.5300E+01	1.1669E+00	3.8229E+00	4.9897E+00	
1.5300E+01	1.1629E+00	4.0494E+00	5.2123E+00	
1.5300E+01	1.1887E+00	4.2416E+00	5.4304E+00	
1.5400E+01	1.2283E+00	4.5032E+00	5.7315E+00	
1.5400E+01	1.3003E+00	4.6180E+00	5.9183E+00	
1.5400E+01	1.3768E+00	5.0811E+00	6.4579E+00	
1.5400E+01	1.3728E+00	5.8443E+00	7.2171E+00	
1.5400E+01	1.3904E+00	6.0632E+00	7.4536E+00	
1.5500E+01	1.4414E+00	6.1505E+00	7.5919E+00	
1.5500E+01	1.4989E+00	7.4147E+00	8.9136E+00	
1.5500E+01	1.5261E+00	9.4968E+00	1.1023E+01	
1.5500E+01	1.5829E+00	1.1110E+01	1.2693E+01	
1.5500E+01	1.6653E+00	9.2047E+00	1.0870E+01	
1.5600E+01	1.7535E+00	6.2566E+00	8.0101E+00	
1.5600E+01	1.7949E+00	4.5276E+00	6.3225E+00	
1.5600E+01	1.7419E+00	3.3785E+00	5.1204E+00	
1.5600E+01	1.6276E+00	2.7204E+00	4.3479E+00	
1.5600E+01	1.4783E+00	2.3859E+00	3.8642E+00	
1.5700E+01	1.3140E+00	2.5625E+00	3.8765E+00	
1.5700E+01	1.2475E+00	2.9224E+00	4.1698E+00	
1.5700E+01	1.2042E+00	3.3444E+00	4.5486E+00	
1.5700E+01	1.1556E+00	8.8827E+00	1.0038E+01	
1.5700E+01	1.1002E+00	9.5231E+00	1.0623E+01	
1.5800E+01	1.0779E+00	7.1651E+00	8.2430E+00	
1.5800E+01	1.0329E+00	8.8285E+00	9.8614E+00	
1.5800E+01	9.9153E-01	1.2950E+01	1.3942E+01	
1.5800E+01	9.3452E-01	1.3005E+01	1.3940E+01	
1.5800E+01	9.3711E-01	1.1052E+01	1.1989E+01	
1.5900E+01	9.1960E-01	9.4448E+00	1.0364E+01	
1.5900E+01	9.0686E-01	9.6931E+00	1.0600E+01	
1.5900E+01	9.0370E-01	1.1323E+01	1.2227E+01	
1.5900E+01	8.9904E-01	1.3550E+01	1.4449E+01	
1.5900E+01	8.8718E-01	1.4322E+01	1.5209E+01	
1.6000E+01	8.7170E-01	1.0014E+01	1.0885E+01	
1.6000E+01	8.5290E-01	1.0752E+01	1.1605E+01	
1.6000E+01	8.3401E-01	1.0907E+01	1.1741E+01	
1.6000E+01	8.1758E-01	9.7247E+00	1.0542E+01	
1.6000E+01	8.0850E-01	8.5621E+00	9.3706E+00	
1.6100E+01	8.0342E-01	8.8616E+00	9.6650E+00	
1.6100E+01	7.9989E-01	1.3025E+01	1.3824E+01	
1.6100E+01	7.9538E-01	1.2405E+01	1.3200E+01	
1.6100E+01	7.9122E-01	1.1585E+01	1.2376E+01	
1.6100E+01	7.7961E-01	1.1807E+01	1.2586E+01	
1.6200E+01	7.6274E-01	9.7408E+00	1.0504E+01	
1.6200E+01	7.2625E-01	1.2420E+01	1.3146E+01	
1.6200E+01	7.0015E-01	1.0409E+01	1.1109E+01	
1.6200E+01	6.8864E-01	7.5991E+00	8.2878E+00	
1.6200E+01	6.7896E-01	6.0867E+00	6.7657E+00	
1.6300E+01	6.6776E-01	6.3194E+00	6.9872E+00	
1.6300E+01	6.4763E-01	6.0160E+00	6.6636E+00	
1.6300E+01	6.3959E-01	5.6300E+00	6.2696E+00	
1.6300E+01	6.1085E-01	5.2832E+00	5.8941E+00	
1.6300E+01	6.1001E-01	5.3572E+00	5.9672E+00	
1.6400E+01	6.1824E-01	5.4615E+00	6.0797E+00	
1.6400E+01	5.8660E-01	5.1477E+00	5.7343E+00	
1.6400E+01	5.6622E-01	4.8748E+00	5.4411E+00	
1.6400E+01	5.5796E-01	4.2876E+00	4.8456E+00	
1.6400E+01	5.5640E-01	3.7238E+00	4.2802E+00	
1.6500E+01	5.5856E-01	3.5947E+00	4.1533E+00	
1.6500E+01	5.6615E-01	4.7930E+00	5.3591E+00	
1.6500E+01	5.7846E-01	6.5169E+00	7.0953E+00	
1.6500E+01	6.0169E-01	6.9692E+00	7.5709E+00	
1.6500E+01	6.4091E-01	7.4415E+00	8.0824E+00	
1.6600E+01	6.5430E-01	8.1499E+00	8.8042E+00	
1.6600E+01	6.6679E-01	8.7600E+00	9.4268E+00	
1.6600E+01	6.7861E-01	8.6539E+00	9.3325E+00	
1.6600E+01	6.9244E-01	8.4351E+00	9.1275E+00	
1.6600E+01	7.1281E-01	7.4067E+00	8.1195E+00	
1.6700E+01	6.9079E-01	6.5759E+00	7.2667E+00	
1.6700E+01	6.5919E-01	5.3263E+00	5.9855E+00	
1.6700E+01	6.2797E-01	3.9031E+00	4.5311E+00	
1.6700E+01	5.9921E-01	3.7199E+00	4.3191E+00	
1.6700E+01	5.7110E-01	3.4941E+00	4.0652E+00	
1.6800E+01	5.4101E-01	3.4014E+00	3.9424E+00	
1.6800E+01	5.1168E-01	3.3634E+00	3.8751E+00	
1.6800E+01	4.9323E-01	3.4720E+00	3.9652E+00	
1.6800E+01	4.8300E-01	3.5981E+00	4.0811E+00	
1.6800E+01	4.8491E-01	3.8284E+00	4.3133E+00	
1.6900E+01	5.2801E-01	3.5178E+00	4.0458E+00	
1.6900E+01	6.1390E-01	3.0849E+00	3.6988E+00	
1.6900E+01	7.2137E-01	2.8261E+00	3.5474E+00	
1.6900E+01	7.3003E-01	2.5257E+00	3.2558E+00	
1.6900E+01	7.4358E-01	2.5775E+00	3.3211E+00	
1.7000E+01	7.4163E-01	2.7112E+00	3.4528E+00	
1.7000E+01	7.1459E-01	2.8230E+00	3.5376E+00	
1.7000E+01	6.7417E-01	2.5955E+00	3.2697E+00	
1.7000E+01	5.9201E-01	2.4295E+00	3.0216E+00	
1.7000E+01	5.2210E-01	2.2519E+00	2.7740E+00	
1.7100E+01	4.8660E-01	2.1300E+00	2.6166E+00	
1.7100E+01	4.6231E-01	2.0946E+00	2.5570E+00	
1.7100E+01	4.3961E-01	2.1152E+00	2.5548E+00	
1.7100E+01	4.2105E-01	2.1334E+00	2.5545E+00	
1.7100E+01	4.0891E-01	2.1217E+00	2.5307E+00	
1.7200E+01	4.0073E-01	2.0613E+00	2.4620E+00	
1.7200E+01	3.9514E-01	2.1221E+00	2.5173E+00	
1.7200E+01	3.9128E-01	2.2810E+00	2.6723E+00	
1.7200E+01	3.8725E-01	2.4622E+00	2.8495E+00	
1.7200E+01	3.8665E-01	2.3601E+00	2.7467E+00	
1.7300E+01	3.8490E-01	2.1413E+00	2.5262E+00	
1.7300E+01	3.8124E-01	2.0543E+00	2.4355E+00	
1.7300E+01	3.7784E-01	1.9325E+00	2.3103E+00	
1.7300E+01	3.7350E-01	1.8750E+00	2.2485E+00	
1.7300E+01	3.8073E-01	1.8553E+00	2.2360E+00	
1.7400E+01	3.9140E-01	1.7903E+00	2.1817E+00	
1.7400E+01	4.0230E-01	1.7437E+00	2.1460E+00	
1.7400E+01	4.1377E-01	1.6787E+00	2.0925E+00	
1.7400E+01	4.2947E-01	1.6096E+00	2.0390E+00	
1.7400E+01	4.5611E-01	1.5904E+00	2.0465E+00	
1.7500E+01	4.8403E-01	1.6267E+00	2.1107E+00	
1.7500E+01	4.6279E-01	1.6628E+00	2.1256E+00	
1.7500E+01	4.2509E-01	1.6921E+00	2.1172E+00	
1.7500E+01	4.1117E-01	1.7290E+00	2.1401E+00	
1.7500E+01	4.0382E-01	1.7091E+00	2.1129E+00	
1.7600E+01	3.9849E-01	1.7055E+00	2.1040E+00	
1.7600E+01	3.9373E-01	1.7683E+00	2.1620E+00	
1.7600E+01	3.8970E-01	1.6355E+00	2.0251E+00	
1.7600E+01	3.8646E-01	1.4804E+00	1.8669E+00	
1.7600E+01	3.8416E-01	1.3694E+00	1.7536E+00	
1.7700E+01	3.8300E-01	1.2629E+00	1.6459E+00	
1.7700E+01	3.8323E-01	1.1575E+00	1.5407E+00	
1.7700E+01	3.8555E-01	1.0692E+00	1.4547E+00	
1.7700E+01	3.9230E-01	1.0260E+00	1.4183E+00	
1.7700E+01	4.0419E-01	1.0908E+00	1.4950E+00	
1.7800E+01	4.1354E-01	1.2052E+00	1.6188E+00	
1.7800E+01	4.2278E-01	1.3209E+00	1.7436E+00	
1.7800E+01	4.3146E-01	1.4308E+00	1.8623E+00	
1.7800E+01	4.3020E-01	1.4985E+00	1.9287E+00	
1.7800E+01	4.6799E-01	1.5464E+00	2.0144E+00	
1.7900E+01	4.6473E-01	1.6201E+00	2.0848E+00	
1.7900E+01	4.6151E-01	1.5640E+00	2.0255E+00	
1.7900E+01	4.1831E-01	1.4236E+00	1.8419E+00	
1.7900E+01	3.9647E-01	1.2729E+00	1.6694E+00	
1.7900E+01	3.8910E-01	1.2010E+00	1.5901E+00	
1.8000E+01	3.8480E-01	1.1394E+00	1.5242E+00	
1.8000E+01	3.7552E-01	1.0914E+00	1.4669E+00	
1.8000E+01	3.6310E-01	1.0426E+00	1.4057E+00	
1.8000E+01	3.5385E-01	9.9781E-01	1.3517E+00	
1.8000E+01	3.4955E-01	9.6393E-01	1.3135E+00	
1.8100E+01	3.4862E-01	9.0319E-01	1.2518E+00	
1.8100E+01	3.4723E-01	8.7903E-01	1.2263E+00	
1.8100E+01	3.4353E-01	8.5998E-01	1.2035E+00	
1.8100E+01	3.3737E-01	8.0693E-01	1.1443E+00	
1.8100E+01	3.3094E-01	7.6422E-01	1.0952E+00	
1.8200E+01	3.2579E-01	7.7368E-01	1.0995E+00	
1.8200E+01	3.2356E-01	8.1251E-01	1.1361E+00	
1.8200E+01	3.2485E-01	7.7848E-01	1.1033E+00	
1.8200E+01	3.2949E-01	7.6981E-01	1.0993E+00	
1.8200E+01	3.7246E-01	7.6429E-01	1.1368E+00	
1.8300E+01	3.6749E-01	7.6078E-01	1.1283E+00	
1.8300E+01	3.5735E-01	7.6043E-01	1.1178E+00	
1.8300E+01	3.7658E-01	7.5961E-01	1.1362E+00	
1.8300E+01	4.0281E-01	7.6129E-01	1.1641E+00	
1.8300E+01	4.3636E-01	7.6628E-01	1.2026E+00	
1.8400E+01	4.7044E-01	7.7417E-01	1.2446E+00	
1.8400E+01	5.0282E-01	7.8812E-01	1.2909E+00	
1.8400E+01	5.3771E-01	8.1021E-01	1.3479E+00	
1.8400E+01	5.6611E-01	8.4249E-01	1.4086E+00	
1.8400E+01	5.8144E-01	8.6237E-01	1.4438E+00	
1.8500E+01	5.7841E-01	8.7022E-01	1.4486E+00	
1.8500E+01	5.7304E-01	8.5414E-01	1.4272E+00	
1.8500E+01	5.6741E-01	8.3281E-01	1.4002E+00	
1.8500E+01	5.5591E-01	8.0745E-01	1.3634E+00	
1.8500E+01	5.3589E-01	7.6802E-01	1.3039E+00	
1.8600E+01	5.3579E-01	7.2706E-01	1.2628E+00	
1.8600E+01	5.5480E-01	6.7912E-01	1.2339E+00	
1.8600E+01	5.6196E-01	6.3320E-01	1.1952E+00	
1.8600E+01	5.5283E-01	6.0033E-01	1.1532E+00	
1.8600E+01	5.4693E-01	5.8349E-01	1.1304E+00	
1.8700E+01	5.3862E-01	5.6202E-01	1.1006E+00	
1.8700E+01	5.4184E-01	5.7434E-01	1.1162E+00	
1.8700E+01	5.4708E-01	5.9203E-01	1.1391E+00	
1.8700E+01	5.4108E-01	6.1583E-01	1.1569E+00	
1.8700E+01	5.3772E-01	6.4250E-01	1.1802E+00	
1.8800E+01	5.3657E-01	6.7557E-01	1.2121E+00	
1.8800E+01	5.1678E-01	7.2296E-01	1.2397E+00	
1.8800E+01	4.9659E-01	7.7788E-01	1.2745E+00	
1.8800E+01	4.9375E-01	7.8532E-01	1.2791E+00	
1.8800E+01	4.9633E-01	7.7582E-01	1.2722E+00	
1.8900E+01	5.0123E-01	7.6268E-01	1.2639E+00	
1.8900E+01	5.0747E-01	7.4446E-01	1.2519E+00	
1.8900E+01	5.1863E-01	6.9140E-01	1.2100E+00	
1.8900E+01	5.2293E-01	6.6570E-01	1.1886E+00	
1.8900E+01	5.2184E-01	6.3456E-01	1.1564E+00	
1.9000E+01	5.1627E-01	6.8918E-01	1.2054E+00	
1.9000E+01	4.9988E-01	7.0684E-01	1.2067E+00	
1.9000E+01	4.8851E-01	7.1206E-01	1.2006E+00	
1.9000E+01	4.7926E-01	7.1516E-01	1.1944E+00	
1.9000E+01	4.7761E-01	7.7559E-01	1.2532E+00	
1.9100E+01	4.8721E-01	8.2647E-01	1.3137E+00	
1.9100E+01	4.8912E-01	8.5603E-01	1.3452E+00	
1.9100E+01	4.7901E-01	8.7481E-01	1.3538E+00	
1.9100E+01	4.6691E-01	9.0263E-01	1.3695E+00	
1.9100E+01	4.4921E-01	9.1142E-01	1.3606E+00	
1.9200E+01	4.4129E-01	8.9967E-01	1.3410E+00	
1.9200E+01	4.3864E-01	8.7534E-01	1.3140E+00	
1.9200E+01	4.4493E-01	8.6966E-01	1.3146E+00	
1.9200E+01	4.6318E-01	9.3476E-01	1.3979E+00	
1.9200E+01	4.7869E-01	9.4636E-01	1.4250E+00	
1.9300E+01	4.9092E-01	9.2450E-01	1.4154E+00	
1.9300E+01	5.1313E-01	8.6670E-01	1.3798E+00	
1.9300E+01	5.5854E-01	8.2786E-01	1.3864E+00	
1.9300E+01	5.6715E-01	7.9654E-01	1.3637E+00	
1.9300E+01	5.4180E-01	7.7040E-01	1.3122E+00	
1.9400E+01	5.1550E-01	7.4742E-01	1.2629E+00	
1.9400E+01	5.1086E-01	7.3280E-01	1.2437E+00	
1.9400E+01	5.1279E-01	7.2983E-01	1.2426E+00	
1.9400E+01	5.2315E-01	7.4984E-01	1.2730E+00	
1.9400E+01	5.3955E-01	7.5294E-01	1.2925E+00	
1.9500E+01	5.5722E-01	7.7049E-01	1.3277E+00	
1.9500E+01	5.7338E-01	7.0021E-01	1.2736E+00	
1.9500E+01	5.8773E-01	6.4733E-01	1.2351E+00	
1.9500E+01	6.0441E-01	6.2406E-01	1.2285E+00	
1.9500E+01	6.2290E-01	6.0051E-01	1.2234E+00	
1.9600E+01	6.3356E-01	5.8755E-01	1.2211E+00	
1.9600E+01	6.3501E-01	5.7482E-01	1.2098E+00	
1.9600E+01	6.3292E-01	5.6061E-01	1.1935E+00	
1.9600E+01	6.2160E-01	5.4653E-01	1.1681E+00	
1.9600E+01	6.1187E-01	5.3312E-01	1.1450E+00	
1.9700E+01	6.0417E-01	5.2212E-01	1.1263E+00	
1.9700E+01	5.9971E-01	5.1656E-01	1.1163E+00	
1.9700E+01	5.9536E-01	5.1865E-01	1.1140E+00	
1.9700E+01	5.8933E-01	5.2821E-01	1.1175E+00	
1.9700E+01	5.7999E-01	5.2431E-01	1.1043E+00	
1.9800E+01	5.6058E-01	5.1851E-01	1.0791E+00	
1.9800E+01	5.4135E-01	5.1804E-01	1.0594E+00	
1.9800E+01	5.2537E-01	5.4329E-01	1.0687E+00	
1.9800E+01	5.1138E-01	6.0030E-01	1.1117E+00	
1.9800E+01	4.9404E-01	5.8427E-01	1.0783E+00	
1.9900E+01	4.7737E-01	5.5997E-01	1.0373E+00	
1.9900E+01	4.6852E-01	5.5855E-01	1.0271E+00	
1.9900E+01	4.6428E-01	5.6568E-01	1.0300E+00	
1.9900E+01	4.6201E-01	5.9000E-01	1.0520E+00	
1.9900E+01	4.6018E-01	6.2943E-01	1.0896E+00	
2.0000E+01	4.6064E-01	6.7562E-01	1.1363E+00	
2.0000E+01	4.6394E-01	7.0982E-01	1.1738E+00	
2.0000E+01	4.6858E-01	7.2535E-01	1.1939E+00	
2.0000E+01	4.7623E-01	7.2789E-01	1.2041E+00	
2.0000E+01	4.8285E-01	7.2609E-01	1.2089E+00	
2.0100E+01	4.7851E-01	7.4312E-01	1.2216E+00	
2.0100E+01	4.7828E-01	7.6332E-01	1.2416E+00	
2.0100E+01	4.8539E-01	7.8515E-01	1.2705E+00	
2.0100E+01	4.8863E-01	8.0025E-01	1.2889E+00	
2.0100E+01	4.8948E-01	8.1204E-01	1.3015E+00	
2.0200E+01	4.8231E-01	8.1987E-01	1.3022E+00	
2.0200E+01	4.7608E-01	7.9627E-01	1.2724E+00	
2.0200E+01	4.7531E-01	7.8969E-01	1.2650E+00	
2.0200E+01	4.6231E-01	7.8880E-01	1.2511E+00	
2.0200E+01	4.3834E-01	7.8685E-01	1.2252E+00	
2.0300E+01	4.1646E-01	7.8172E-01	1.1982E+00	
2.0300E+01	3.9445E-01	7.7832E-01	1.1728E+00	
2.0300E+01	3.7775E-01	7.6403E-01	1.1418E+00	
2.0300E+01	3.7093E-01	7.5074E-01	1.1217E+00	
2.0300E+01	3.7151E-01	7.4028E-01	1.1118E+00	
2.0400E+01	3.7941E-01	7.3479E-01	1.1142E+00	
2.0400E+01	4.1365E-01	7.2150E-01	1.1352E+00	
2.0400E+01	4.3085E-01	7.0727E-01	1.1381E+00	
2.0400E+01	4.3940E-01	6.9707E-01	1.1365E+00	
2.0400E+01	4.2903E-01	6.9260E-01	1.1216E+00	
2.0500E+01	4.1647E-01	6.9491E-01	1.1114E+00	
2.0500E+01	4.0968E-01	6.9695E-01	1.1066E+00	
2.0500E+01	4.0935E-01	7.0046E-01	1.1098E+00	
2.0500E+01	4.1588E-01	7.0121E-01	1.1171E+00	
2.0500E+01	4.2543E-01	7.1246E-01	1.1379E+00	
2.0600E+01	4.3720E-01	7.1310E-01	1.1503E+00	
2.0600E+01	4.5636E-01	6.6589E-01	1.1222E+00	
2.0600E+01	4.8868E-01	6.5490E-01	1.1436E+00	
2.0600E+01	5.4900E-01	6.6234E-01	1.2113E+00	
2.0600E+01	5.9764E-01	6.2302E-01	1.2207E+00	
2.0700E+01	5.9000E-01	5.8480E-01	1.1748E+00	
2.0700E+01	5.2555E-01	5.5013E-01	1.0757E+00	
2.0700E+01	5.2710E-01	5.2172E-01	1.0488E+00	
2.0700E+01	4.6776E-01	5.0936E-01	9.7712E-01	
2.0700E+01	4.4384E-01	5.2366E-01	9.6750E-01	
2.0800E+01	4.3703E-01	5.3707E-01	9.7410E-01	
2.0800E+01	4.3389E-01	5.4752E-01	9.8141E-01	
2.0800E+01	4.3463E-01	5.3415E-01	9.6879E-01	
2.0800E+01	4.3916E-01	5.1654E-01	9.5569E-01	
2.0800E+01	4.4990E-01	5.0284E-01	9.5274E-01	
2.0900E+01	4.6083E-01	4.8956E-01	9.5039E-01	
2.0900E+01	4.6747E-01	4.8294E-01	9.5041E-01	
2.0900E+01	4.7676E-01	4.7558E-01	9.5233E-01	
2.0900E+01	4.7746E-01	4.6741E-01	9.4487E-01	
2.0900E+01	4.6540E-01	4.6160E-01	9.2700E-01	
2.1000E+01	4.4227E-01	4.5687E-01	8.9913E-01	
2.1000E+01	4.1797E-01	4.5536E-01	8.7333E-01	
2.1000E+01	4.0220E-01	4.5594E-01	8.5813E-01	
2.1000E+01	3.9030E-01	4.5719E-01	8.4749E-01	
2.1000E+01	3.8103E-01	4.6234E-01	8.4337E-01	
2.1100E+01	3.7305E-01	4.7593E-01	8.4898E-01	
2.1100E+01	3.6641E-01	5.1604E-01	8.8245E-01	
2.1100E+01	3.5966E-01	5.7398E-01	9.3364E-01	
2.1100E+01	3.5581E-01	5.8712E-01	9.4293E-01	
2.1100E+01	3.6111E-01	6.1781E-01	9.7893E-01	
2.1200E+01	3.7694E-01	6.7426E-01	1.0512E+00	
2.1200E+01	3.9653E-01	7.1692E-01	1.1135E+00	
2.1200E+01	4.0683E-01	6.8307E-01	1.0899E+00	
2.1200E+01	4.1885E-01	6.5077E-01	1.0696E+00	
2.1200E+01	4.3311E-01	6.3248E-01	1.0656E+00	
2.1300E+01	4.4983E-01	6.2400E-01	1.0738E+00	
2.1300E+01	4.6880E-01	6.1537E-01	1.0842E+00	
2.1300E+01	4.9032E-01	6.3044E-01	1.1208E+00	
2.1300E+01	5.1319E-01	6.3946E-01	1.1526E+00	
2.1300E+01	5.4736E-01	6.4796E-01	1.1953E+00	
2.1400E+01	6.1597E-01	6.6210E-01	1.2781E+00	
2.1400E+01	7.0535E-01	6.7515E-01	1.3805E+00	
2.1400E+01	7.3237E-01	6.5944E-01	1.3918E+00	
2.1400E+01	7.1310E-01	5.5135E-01	1.2644E+00	
2.1400E+01	6.7655E-01	4.6633E-01	1.1429E+00	
2.1500E+01	6.2256E-01	4.2122E-01	1.0438E+00	
2.1500E+01	5.7214E-01	3.9549E-01	9.6763E-01	
2.1500E+01	5.0902E-01	3.8268E-01	8.9171E-01	
2.1500E+01	4.6293E-01	3.8321E-01	8.4614E-01	
2.1500E+01	4.3280E-01	3.8119E-01	8.1399E-01	
2.1600E+01	3.9993E-01	3.6815E-01	7.6808E-01	
2.1600E+01	3.6671E-01	3.7752E-01	7.4423E-01	
2.1600E+01	3.4340E-01	4.0219E-01	7.4558E-01	
2.1600E+01	3.2706E-01	4.3202E-01	7.5908E-01	
2.1600E+01	2.9670E-01	4.7351E-01	7.7021E-01	
2.1700E+01	2.8947E-01	5.0877E-01	7.9823E-01	
2.1700E+01	3.0068E-01	5.4269E-01	8.4337E-01	
2.1700E+01	3.1476E-01	5.8873E-01	9.0349E-01	
2.1700E+01	3.3168E-01	6.2588E-01	9.5756E-01	
2.1700E+01	3.4809E-01	6.5135E-01	9.9944E-01	
2.1800E+01	3.6806E-01	6.7468E-01	1.0427E+00	
2.1800E+01	3.9493E-01	6.9728E-01	1.0922E+00	
2.1800E+01	4.3362E-01	7.1843E-01	1.1521E+00	
2.1800E+01	4.8047E-01	7.4451E-01	1.2250E+00	
2.1800E+01	5.3675E-01	7.6627E-01	1.3030E+00	
2.1900E+01	5.8272E-01	7.9069E-01	1.3734E+00	
2.1900E+01	5.9967E-01	7.9761E-01	1.3973E+00	
2.1900E+01	5.8778E-01	7.6782E-01	1.3556E+00	
2.1900E+01	5.9292E-01	7.1257E-01	1.3055E+00	
2.1900E+01	6.1060E-01	6.9453E-01	1.3051E+00	
2.2000E+01	6.6140E-01	6.4071E-01	1.3021E+00	
2.2000E+01	7.0104E-01	5.7332E-01	1.2744E+00	
2.2000E+01	7.4083E-01	5.0932E-01	1.2502E+00	
2.2000E+01	7.6866E-01	4.5419E-01	1.2229E+00	
2.2000E+01	7.6497E-01	4.1228E-01	1.1772E+00	
2.2100E+01	7.2321E-01	3.8532E-01	1.1085E+00	
2.2100E+01	6.7877E-01	3.7530E-01	1.0541E+00	
2.2100E+01	6.3431E-01	3.7904E-01	1.0134E+00	
2.2100E+01	6.0098E-01	3.9429E-01	9.9527E-01	
2.2100E+01	5.7766E-01	4.1457E-01	9.9223E-01	
2.2200E+01	5.6106E-01	4.4734E-01	1.0084E+00	
2.2200E+01	5.4823E-01	4.9566E-01	1.0439E+00	
2.2200E+01	5.4446E-01	5.5551E-01	1.1000E+00	
2.2200E+01	5.4667E-01	6.2892E-01	1.1756E+00	
2.2200E+01	5.5366E-01	6.8345E-01	1.2371E+00	
2.2300E+01	5.6580E-01	7.1195E-01	1.2777E+00	
2.2300E+01	5.8062E-01	7.3346E-01	1.3141E+00	
2.2300E+01	6.0431E-01	7.6875E-01	1.3731E+00	
2.2300E+01	6.3293E-01	8.0874E-01	1.4417E+00	
2.2300E+01	6.5280E-01	8.6349E-01	1.5163E+00	
2.2400E+01	6.8176E-01	9.0725E-01	1.5890E+00	
2.2400E+01	6.8317E-01	8.6986E-01	1.5530E+00	
2.2400E+01	7.1722E-01	8.7081E-01	1.5880E+00	
2.2400E+01	7.7456E-01	8.6030E-01	1.6349E+00	
2.2400E+01	7.9122E-01	8.4063E-01	1.6318E+00	
2.2500E+01	7.5753E-01	8.1568E-01	1.5732E+00	
2.2500E+01	7.2328E-01	7.7468E-01	1.4980E+00	
2.2500E+01	6.9875E-01	7.7399E-01	1.4727E+00	
2.2500E+01	6.9813E-01	6.8867E-01	1.3868E+00	
2.2500E+01	7.0281E-01	6.4770E-01	1.3505E+00	
2.2600E+01	7.1251E-01	6.3190E-01	1.3444E+00	
2.2600E+01	7.5955E-01	6.2356E-01	1.3831E+00	
2.2600E+01	7.7126E-01	6.2284E-01	1.3941E+00	
2.2600E+01	7.3281E-01	6.2701E-01	1.3598E+00	
2.2600E+01	6.7916E-01	6.3624E-01	1.3154E+00	
2.2700E+01	6.4177E-01	6.4917E-01	1.2909E+00	
2.2700E+01	6.1260E-01	6.6572E-01	1.2783E+00	
2.2700E+01	6.0687E-01	6.7691E-01	1.2838E+00	
2.2700E+01	6.2679E-01	6.8122E-01	1.3080E+00	
2.2700E+01	6.6576E-01	7.1284E-01	1.3786E+00	
2.2800E+01	7.0900E-01	7.5355E-01	1.4625E+00	
2.2800E+01	7.1030E-01	8.3360E-01	1.5439E+00	
2.2800E+01	7.1317E-01	9.1294E-01	1.6261E+00	
2.2800E+01	7.0887E-01	9.3304E-01	1.6419E+00	
2.2800E+01	7.0789E-01	8.7938E-01	1.5873E+00	
2.2900E+01	7.1406E-01	8.2354E-01	1.5376E+00	
2.2900E+01	7.1802E-01	7.2917E-01	1.4472E+00	
2.2900E+01	7.1294E-01	6.9971E-01	1.4126E+00	
2.2900E+01	7.0535E-01	6.7352E-01	1.3789E+00	
2.2900E+01	6.9817E-01	6.6985E-01	1.3680E+00	
2.3000E+01	6.9398E-01	6.7854E-01	1.3725E+00	
2.3000E+01	6.8987E-01	7.0451E-01	1.3944E+00	
2.3000E+01	6.8300E-01	7.0446E-01	1.3875E+00	
2.3000E+01	6.7659E-01	7.4629E-01	1.4229E+00	
2.3000E+01	6.7168E-01	7.5511E-01	1.4268E+00	
2.3100E+01	6.6221E-01	8.2236E-01	1.4846E+00	
2.3100E+01	6.5568E-01	7.6945E-01	1.4251E+00	
2.3100E+01	6.5185E-01	7.7544E-01	1.4273E+00	
2.3100E+01	6.5426E-01	7.8204E-01	1.4363E+00	
2.3100E+01	6.6554E-01	7.6011E-01	1.4256E+00	
2.3200E+01	6.8237E-01	7.6885E-01	1.4512E+00	
2.3200E+01	7.0218E-01	7.8979E-01	1.4920E+00	
2.3200E+01	7.2572E-01	8.1214E-01	1.5379E+00	
2.3200E+01	7.5271E-01	8.2247E-01	1.5752E+00	
2.3200E+01	7.8044E-01	8.1102E-01	1.5915E+00	
2.3300E+01	8.0887E-01	7.9696E-01	1.6058E+00	
2.3300E+01	8.3538E-01	7.8536E-01	1.6207E+00	
2.3300E+01	8.5954E-01	7.7911E-01	1.6387E+00	
2.3300E+01	8.6453E-01	7.7244E-01	1.6370E+00	
2.3300E+01	8.5381E-01	7.6986E-01	1.6237E+00	
2.3400E+01	8.5070E-01	7.7419E-01	1.6249E+00	
2.3400E+01	8.5209E-01	7.7471E-01	1.6268E+00	
2.3400E+01	8.5219E-01	7.7354E-01	1.6257E+00	
2.3400E+01	8.5706E-01	7.7319E-01	1.6303E+00	
2.3400E+01	8.8173E-01	7.7366E-01	1.6554E+00	
2.3500E+01	9.0769E-01	7.7350E-01	1.6812E+00	
2.3500E+01	9.0966E-01	7.7017E-01	1.6798E+00	
2.3500E+01	9.0105E-01	7.7205E-01	1.6731E+00	
2.3500E+01	9.0262E-01	7.7948E-01	1.6821E+00	
2.3500E+01	9.0302E-01	7.8799E-01	1.6910E+00	
2.3600E+01	9.0452E-01	7.9616E-01	1.7007E+00	
2.3600E+01	9.0419E-01	8.1265E-01	1.7168E+00	
2.3600E+01	9.0042E-01	8.3797E-01	1.7384E+00	
2.3600E+01	8.9078E-01	8.6637E-01	1.7572E+00	
2.3600E+01	8.7502E-01	9.0737E-01	1.7824E+00	
2.3700E+01	8.5255E-01	9.4549E-01	1.7980E+00	
2.3700E+01	8.1802E-01	9.6957E-01	1.7876E+00	
2.3700E+01	7.7450E-01	9.9818E-01	1.7727E+00	
2.3700E+01	7.3593E-01	9.9647E-01	1.7324E+00	
2.3700E+01	7.1025E-01	9.8301E-01	1.6933E+00	
2.3800E+01	7.1095E-01	9.8378E-01	1.6947E+00	
2.3800E+01	7.3508E-01	9.8822E-01	1.7233E+00	
2.3800E+01	7.7734E-01	1.0042E+00	1.7816E+00	
2.3800E+01	8.4142E-01	1.0442E+00	1.8857E+00	
2.3800E+01	9.2297E-01	1.0832E+00	2.0061E+00	
2.3900E+01	9.3913E-01	1.0837E+00	2.0228E+00	
2.3900E+01	8.9731E-01	1.0573E+00	1.9546E+00	
2.3900E+01	8.6912E-01	1.0304E+00	1.8995E+00	
2.3900E+01	8.3497E-01	9.9836E-01	1.8333E+00	
2.3900E+01	8.1026E-01	9.6331E-01	1.7736E+00	
2.4000E+01	8.1501E-01	9.2760E-01	1.7426E+00	
2.4000E+01	8.1175E-01	8.8900E-01	1.7007E+00	
2.4000E+01	8.0217E-01	8.5053E-01	1.6527E+00	
2.4000E+01	7.7025E-01	8.1269E-01	1.5829E+00	
2.4000E+01	7.3531E-01	7.9314E-01	1.5284E+00	
2.4100E+01	7.0428E-01	7.7621E-01	1.4805E+00	
2.4100E+01	6.9036E-01	7.7080E-01	1.4612E+00	
2.4100E+01	6.8403E-01	7.6139E-01	1.4454E+00	
2.4100E+01	6.8236E-01	7.6892E-01	1.4513E+00	
2.4100E+01	6.8585E-01	7.7902E-01	1.4649E+00	
2.4200E+01	6.9230E-01	8.0603E-01	1.4983E+00	
2.4200E+01	7.0294E-01	8.4676E-01	1.5497E+00	
2.4200E+01	7.1599E-01	8.9584E-01	1.6118E+00	
2.4200E+01	7.3109E-01	9.4521E-01	1.6763E+00	
2.4200E+01	7.4701E-01	9.5441E-01	1.7014E+00	
2.4300E+01	7.6741E-01	9.3468E-01	1.7021E+00	
2.4300E+01	7.8730E-01	9.2465E-01	1.7119E+00	
2.4300E+01	8.2421E-01	9.1388E-01	1.7381E+00	
2.4300E+01	8.1675E-01	9.0047E-01	1.7172E+00	
2.4300E+01	8.1504E-01	8.8730E-01	1.7023E+00	
2.4400E+01	8.0017E-01	8.8541E-01	1.6856E+00	
2.4400E+01	7.8534E-01	8.4004E-01	1.6254E+00	
2.4400E+01	7.6932E-01	8.2050E-01	1.5898E+00	
2.4400E+01	7.5462E-01	8.1109E-01	1.5657E+00	
2.4400E+01	7.4884E-01	7.9714E-01	1.5460E+00	
2.4500E+01	7.5000E-01	7.3679E-01	1.4868E+00	
2.4500E+01	7.5584E-01	7.2190E-01	1.4777E+00	
2.4500E+01	7.6440E-01	7.1754E-01	1.4819E+00	
2.4500E+01	7.7560E-01	7.1564E-01	1.4912E+00	
2.4500E+01	8.0362E-01	7.3188E-01	1.5355E+00	
2.4600E+01	8.1132E-01	7.6986E-01	1.5812E+00	
2.4600E+01	8.2245E-01	8.1899E-01	1.6414E+00	
2.4600E+01	8.3457E-01	8.0962E-01	1.6442E+00	
2.4600E+01	8.4676E-01	8.1559E-01	1.6623E+00	
2.4600E+01	8.6555E-01	8.2457E-01	1.6901E+00	
2.4700E+01	8.8628E-01	8.5086E-01	1.7371E+00	
2.4700E+01	9.1270E-01	8.8731E-01	1.8000E+00	
2.4700E+01	9.0985E-01	9.0047E-01	1.8103E+00	
2.4700E+01	8.9619E-01	8.9916E-01	1.7953E+00	
2.4700E+01	8.8269E-01	8.9948E-01	1.7822E+00	
2.4800E+01	8.6920E-01	8.9737E-01	1.7666E+00	
2.4800E+01	8.5166E-01	8.9334E-01	1.7450E+00	
2.4800E+01	8.2858E-01	8.9258E-01	1.7212E+00	
2.4800E+01	8.1561E-01	8.9365E-01	1.7093E+00	
2.4800E+01	8.1017E-01	8.9938E-01	1.7095E+00	
2.4900E+01	8.1401E-01	9.1702E-01	1.7310E+00	
2.4900E+01	8.2412E-01	9.4342E-01	1.7675E+00	
2.4900E+01	8.6029E-01	9.3889E-01	1.7992E+00	
2.4900E+01	8.4736E-01	9.3498E-01	1.7823E+00	
2.4900E+01	8.5898E-01	9.4279E-01	1.8018E+00	
2.5000E+01	8.4147E-01	9.4891E-01	1.7904E+00	
2.5000E+01	8.0235E-01	9.7028E-01	1.7726E+00	
2.5000E+01	7.6997E-01	1.0157E+00	1.7857E+00	
2.5000E+01	7.5350E-01	1.0553E+00	1.8088E+00	
2.5000E+01	7.6108E-01	1.0690E+00	1.8300E+00	
2.5100E+01	7.9218E-01	1.0598E+00	1.8520E+00	
2.5100E+01	8.1994E-01	1.0402E+00	1.8601E+00	
2.5100E+01	8.4191E-01	1.0092E+00	1.8511E+00	
2.5100E+01	8.4760E-01	9.7068E-01	1.8183E+00	
2.5100E+01	8.3266E-01	9.2938E-01	1.7620E+00	
2.5200E+01	8.1641E-01	8.9939E-01	1.7158E+00	
2.5200E+01	8.0894E-01	8.8788E-01	1.6968E+00	
2.5200E+01	8.0830E-01	8.9856E-01	1.7069E+00	
2.5200E+01	8.1415E-01	8.9995E-01	1.7141E+00	
2.5200E+01	8.2969E-01	8.9393E-01	1.7236E+00	
2.5300E+01	8.7290E-01	8.8932E-01	1.7622E+00	
2.5300E+01	9.1769E-01	8.8958E-01	1.8073E+00	
2.5300E+01	9.4726E-01	8.5180E-01	1.7991E+00	
2.5300E+01	9.4738E-01	8.3264E-01	1.7800E+00	
2.5300E+01	9.4109E-01	8.3816E-01	1.7793E+00	
2.5400E+01	9.2873E-01	8.4231E-01	1.7710E+00	
2.5400E+01	9.0686E-01	8.4713E-01	1.7540E+00	
2.5400E+01	8.7831E-01	8.1207E-01	1.6904E+00	